tree
version=v4
num_class=1
num_tree_per_iteration=1
label_index=0
max_feature_idx=60
objective=binary sigmoid:1
feature_names=Candle Buy_Qty Sell_Qty Candle_Delta Agg._Liq_Long Agg._Liq_Short CVD Long/Short_Ratio_(Account) Whale_Ind Agg._OI Agg._Funding_Rate RSI Net_Shorts Net_Longs Price_Low Price_High Mid_Price Bid_Qty Ask_Qty Bid_USD Ask_USD Delta_Qty Delta_USD Bid_Trades Ask_Trades total_qty atr cvd_delta btc_cvd_mom ema_fast ema_slow macro_score macro z_cvd_4 z_btc_4 z_cvd_10 z_btc_10 z_cvd_20 z_btc_20 vol_regime z_oi z_ls funding liq_long_5 liq_short_5 z_bid_qty z_ask_qty z_delta_qty z_bid_trades z_ask_trades ema_8 ema_21 ema_50 pull_ema8 pull_ema21 pull_ema50 rsi stoch_k liq_long_5_mean liq_short_5_mean btc_CVD
feature_infos=[429:202806] [2682:13009288] [7663:11944604] [-2769206:1644560] [0:865156.375] [0:920958.8125] [-2209528064:-1141507] [0:6.8992962837219238] [0:4.9168000221252441] [0:64283244] [-0.0089330002665519714:0.0382346510887146] [0:90.900001525878906] [0:26139002] [0:41395968] [0.55000001192092896:20.389999389648438] [0.55000001192092896:20.389999389648438] [0.55000001192092896:20.389999389648438] [0:44369] [0:110459] [0:70705.7265625] [0:120902.2109375] [-106021:25800] [-57961.9296875:120902.2109375] [0:91] [0:764] [0:33200] [0.0014285700162872672:0.45568561553955078] [-18194560:4001152] [-16829.4375:14213.625] [0.59043461084365845:19.199600219726562] [0.65138369798660278:17.985349655151367] [-35.845600128173828:17.078411102294922] [-1:1] [-1.4999597072601318:1.499997615814209] [-1.4998971223831177:1.4999865293502808] [-2.8216922283172607:2.8092162609100342] [-2.8082542419433594:2.8315913677215576] [-4.095616340637207:3.9791693687438965] [-4.0902633666992188:4.1739654541015625] [-2.46919846534729:6.0379281044006348] [-6.7763185501098633:8.2558269500732422] [-5.8329052925109863:7.3205351829528809] [-0.0089330002665519714:0.0382346510887146] [0:1408384.125] [0:1188698.25] [-1.0186597108840942:2.8460497856140137] [-1.4970512390136719:2.8323862552642822] [-2.8237268924713135:2.796682596206665] [-1.2472864389419556:2.8460497856140137] [-1.768139123916626:2.7981743812561035] [0.55501806735992432:20.073850631713867] [0.55810195207595825:19.931594848632812] [0.56364661455154419:19.679229736328125] [-5.0235495567321777:4.5049405097961426] [-6.5981688499450684:6.215369701385498] [-8.5700912475585938:7.4954800605773926] [0:100] [0:100] [0:398008.53125] [0:379301.625] [-2644390:60312.5]
tree_sizes=962 971 875 877 666 973 663 669 669 671 670 877 981 673 989 975 876 990 666 888 672 872 670 884 773 985 874 976 674 991 673 981 882 990 983 889 673 983 881 678 878 770 676 899 882 988 893 985 670 991 880 991 997 883 982 984 880 990 989 989 882 877 669 995 989 672 890 993 989 882 879 757 989 986 779 888 996 985 889 991 889 876 993 993 888 981 994 986 890 877 890 875 997 990 881 883 996 774 882 998

Tree=0
num_leaves=8
num_cat=0
split_feature=14 60 28 38 28 48 7
split_gain=75.4436 61.6677 58.6456 52.4976 46.5412 43.2767 42.9458
threshold=1.5822499990463259 -1269948.8124999998 -654.78124999999989 -0.076782409101724611 -176.53124999999997 -0.56996077299118031 3.2136912345886235
decision_type=2 2 2 2 2 2 2
left_child=1 5 6 -3 -4 -1 -2
right_child=2 3 4 -5 -6 -7 -8
leaf_value=-1.363044414926641 -1.4402631458823254 -1.5242421996980489 -1.4965964828129752 -1.4146705532155526 -1.4510073755582154 -1.5746149417402886 -1.3659012150396437
leaf_weight=2.6282712221145621 63.813981980085373 21.342346280813217 77.310290917754173 22.796673461794853 210.3205009996891 30.752648025751114 28.507879585027695
leaf_count=7 250 112 372 80 860 186 78
internal_value=-1.46124 -1.50634 -1.45205 -1.46754 -1.46324 -1.55781 -1.41725
internal_weight=457.473 77.5199 379.953 44.139 287.631 33.3809 92.3219
internal_count=1945 385 1560 192 1232 193 328
is_linear=0
shrinkage=1


Tree=1
num_leaves=8
num_cat=0
split_feature=14 60 1 28 47 57 33
split_gain=55.398 48.6657 45.5933 40.4462 42.1948 39.9502 33.3756
threshold=1.5822499990463259 -1269948.8124999998 451157.50000000006 -654.78124999999989 0.67610913515090953 19.23071384429932 -1.3628400564193723
decision_type=2 2 2 2 2 2 2
left_child=1 2 -1 6 -5 -3 -2
right_child=3 5 -4 4 -6 -7 -8
leaf_value=0.061217341523567996 0.057993938596062458 -0.0022503256899808377 -0.060036617755903958 0.090256984912514368 0.13452413690705609 0.11795034719106411 0.14730297298919645
leaf_weight=21.808683127164841 12.05497109889984 8.3005498349666578 11.998973697423933 239.07880538702011 70.32958510518074 39.055684730410576 90.114689290523529
leaf_count=109 54 48 84 990 242 144 274
internal_value=0.101941 0.0640389 0.0180341 0.109403 0.100335 0.0967761 0.136814
internal_weight=492.742 81.1639 33.8077 411.578 309.408 47.3562 102.17
internal_count=1945 385 193 1560 1232 192 328
is_linear=0
shrinkage=0.05


Tree=2
num_leaves=7
num_cat=0
split_feature=7 17 27 51 41 10
split_gain=46.9113 52.5661 49.3248 47.0168 39.754 30.747
threshold=1.6641636490821841 9139.5000000000018 -263482.99999999994 1.2046952843666079 -1.3408786058425901 -0.0010994999902322886
decision_type=2 2 2 2 2 2
left_child=2 3 4 -2 -1 -4
right_child=1 -3 5 -5 -6 -7
leaf_value=0.11495378909851771 0.0029216828551530023 -0.061604277015239822 -0.061305637060142554 0.10754287379284169 -0.010288569124446657 0.086945515955716049
leaf_weight=8.1657366901636106 11.204392164945601 4.8166471421718589 3.546754151582717 327.59295473992825 28.051616847515106 140.65499785542488
leaf_count=29 63 30 22 1107 156 538
internal_value=0.0908879 0.10176 0.0701531 0.104098 0.0178111 0.0832645
internal_weight=524.033 343.614 180.419 338.797 36.2174 144.202
internal_count=1945 1200 745 1170 185 560
is_linear=0
shrinkage=0.05


Tree=3
num_leaves=7
num_cat=0
split_feature=14 7 53 17 38 35
split_gain=36.8271 32.4411 39.4544 39.4279 27.1941 26.4395
threshold=1.1950000524520876 1.6641636490821841 -0.58036819100379933 9139.5000000000018 -1.4897411465644834 -1.815279424190521
decision_type=2 2 2 2 2 2
left_child=4 2 -2 -3 -1 -6
right_child=1 3 -4 -5 5 -7
leaf_value=-0.060600302447987281 0.024204464237811543 0.095364807765907583 0.080577429141385076 -0.06077698183373266 -0.060544453914660769 0.078736049483780601
leaf_weight=6.7354090958833721 41.404124885797501 349.51446196436882 127.39192147552967 4.051052287220954 4.1212316900491741 18.783568516373634
leaf_count=45 193 1116 463 26 27 75
internal_value=0.0818358 0.0849168 0.0667793 0.0935616 0.0273702 0.0534572
internal_weight=552.002 522.362 168.796 353.566 29.6402 22.9048
internal_count=1945 1798 656 1142 147 102
is_linear=0
shrinkage=0.05


Tree=4
num_leaves=5
num_cat=0
split_feature=5 39 6 50
split_gain=36.4975 33.0104 24.4763 23.4726
threshold=96318.097656250015 2.0516774654388432 -2014092607.9999998 5.362645387649537
decision_type=2 2 2 2
left_child=1 3 -3 -1
right_child=-2 2 -4 -5
leaf_value=0.063302926790942141 -0.063169458997823377 -0.010867205464090108 0.1046682130654325 0.090482702874312426
leaf_weight=355.66513296961784 4.7497359365224829 4.7059316337108603 107.93580184876919 103.84102526307106
leaf_count=1272 28 25 304 316
internal_value=0.0742883 0.0754381 0.099797 0.069456
internal_weight=576.898 572.148 112.642 459.506
internal_count=1945 1917 329 1588
is_linear=0
shrinkage=0.05


Tree=5
num_leaves=8
num_cat=0
split_feature=14 7 39 17 33 27 43
split_gain=28.1884 25.6064 32.7495 31.8028 23.364 30.846 23.8309
threshold=1.1950000524520876 1.6641636490821841 0.15840561687946322 9139.5000000000018 -0.69435235857963551 93120.000000000015 31848.166015625004
decision_type=2 2 2 2 2 2 2
left_child=4 2 -2 -3 6 -6 -1
right_child=1 3 -4 -5 5 -7 -8
leaf_value=-0.06210254421834295 0.023380846284504615 0.079222386222207661 0.069205451815836178 -0.060817755099507369 0.1222350140311943 -0.062055655342878872 0.049966839568035118
leaf_weight=10.772436916828161 57.158002242445946 381.57619877159595 125.28343245387077 4.0572038292884818 9.053692087531088 2.9907237440347663 8.443568289279936
leaf_count=68 238 1116 418 26 26 18 35
internal_value=0.0678557 0.0704033 0.0548762 0.0777361 0.0214005 0.0760591 -0.0125987
internal_weight=599.335 568.075 182.441 385.633 31.2604 12.0444 19.216
internal_count=1945 1798 656 1142 147 44 103
is_linear=0
shrinkage=0.05


Tree=6
num_leaves=5
num_cat=0
split_feature=5 43 55 33
split_gain=30.2671 27.3017 26.8132 17.6726
threshold=96318.097656250015 358407.60937500006 5.3945941925048837 -0.72254729270935047
decision_type=2 2 2 2
left_child=1 2 -1 -3
right_child=-2 3 -4 -5
leaf_value=0.059699469648862316 -0.063191081615013828 0.035917039275567428 0.12822881523596505 0.15006355244647474
leaf_weight=580.72585581243038 4.7259557396173468 4.601406782865527 14.77079565823078 14.362403199076651
leaf_count=1848 28 16 30 23
internal_value=0.0623317 0.0633053 0.0614077 0.122631
internal_weight=619.186 614.46 595.497 18.9638
internal_count=1945 1917 1878 39
is_linear=0
shrinkage=0.05


Tree=7
num_leaves=5
num_cat=0
split_feature=5 15 55 38
split_gain=26.5849 23.117 22.3082 21.9599
threshold=96318.097656250015 1.1950000524520876 5.3945941925048837 -1.4897411465644834
decision_type=2 2 2 2
left_child=1 3 -3 -1
right_child=-2 2 -4 -5
leaf_value=-0.061327999043608229 -0.062288791184250382 0.059018718640206892 0.12083817706400975 0.038681989053472192
leaf_weight=6.9716345816850653 4.5589288026094428 585.12850180268288 15.133348971605299 25.434061974287033
leaf_count=45 28 1745 27 100
internal_value=0.0574906 0.0583616 0.0605856 0.0170119
internal_weight=637.226 632.668 600.262 32.4057
internal_count=1945 1917 1772 145
is_linear=0
shrinkage=0.05


Tree=8
num_leaves=5
num_cat=0
split_feature=5 7 27 39
split_gain=23.4925 22.2196 28.4029 26.5114
threshold=96318.097656250015 1.6641636490821841 -263482.99999999994 1.9257104992866518
decision_type=2 2 2 2
left_child=1 2 -1 -3
right_child=-2 3 -4 -5
leaf_value=0.0034971890061580519 -0.061447434691322522 0.054241155340431904 0.049672733221747409 0.084961645840517699
leaf_weight=41.30476550757885 4.3944536298513404 340.91816660761833 177.14130069315434 89.470931515097618
leaf_count=178 28 981 556 202
internal_value=0.0532384 0.0540229 0.0409645 0.0606391
internal_weight=653.23 648.835 218.446 430.389
internal_count=1945 1917 734 1183
is_linear=0
shrinkage=0.05


Tree=9
num_leaves=5
num_cat=0
split_feature=5 43 52 60
split_gain=20.8662 22.859 28.9958 26.6466
threshold=96318.097656250015 25750.550781250004 1.0340406298637392 -2545603.6249999995
decision_type=2 2 2 2
left_child=1 2 -1 -3
right_child=-2 3 -4 -5
leaf_value=-0.064076029320236039 -0.060661113552752166 -0.0079486668600973181 0.044606262860658004 0.066070636115064377
leaf_weight=6.1928666383028022 4.232940472662448 12.696591913700102 409.58905737102032 234.76719658076763
leaf_count=36 28 60 1221 600
internal_value=0.0494652 0.0501756 0.0429755 0.0622527
internal_weight=667.479 663.246 415.782 247.464
internal_count=1945 1917 1257 660
is_linear=0
shrinkage=0.05


Tree=10
num_leaves=5
num_cat=0
split_feature=5 39 0 48
split_gain=18.6125 17.9481 28.2886 17.9763
threshold=96318.097656250015 2.0516774654388432 184676.50000000003 2.1614831686019902
decision_type=2 2 2 2
left_child=1 3 -3 -1
right_child=-2 2 -4 -5
leaf_value=0.044673733368315753 -0.059924601086371224 0.067116818533642736 -0.064936543301307631 0.0020304391836004332
leaf_weight=514.11937578767538 4.0747278779745093 131.70329983532429 4.1459331065416327 26.220384076237679
leaf_count=1492 28 306 23 96
internal_value=0.0460806 0.0467268 0.0630499 0.0426137
internal_weight=680.264 676.189 135.849 540.34
internal_count=1945 1917 329 1588
is_linear=0
shrinkage=0.05


Tree=11
num_leaves=7
num_cat=0
split_feature=7 17 27 41 39 51
split_gain=17.1263 26.5821 24.639 27.3878 24.204 22.9387
threshold=1.6641636490821841 9139.5000000000018 -263482.99999999994 -1.3408786058425901 0.33312390744686132 1.2046952843666079
decision_type=2 2 2 2 2 2
left_child=2 5 3 -1 -4 -2
right_child=1 -3 4 -5 -6 -7
leaf_value=0.069089429575949629 -0.013517722152463324 -0.0636368068876981 0.016245817938308992 -0.023870600468635039 0.05350602739977374 0.051908748736664748
leaf_weight=10.377263516187666 13.692711159586905 5.1734218746423712 69.609812691807747 33.468164026737213 118.64864999055862 440.79695446789265
leaf_count=29 63 30 244 156 316 1107
internal_value=0.0430264 0.0486376 0.0318924 -0.00175494 0.0397554 0.0499266
internal_weight=691.767 459.663 232.104 43.8454 188.258 454.49
internal_count=1945 1200 745 185 560 1170
is_linear=0
shrinkage=0.05


Tree=12
num_leaves=8
num_cat=0
split_feature=43 27 3 29 60 2 44
split_gain=16.1003 26.399 31.7398 23.4334 22.5916 21.7381 20.1547
threshold=25750.550781250004 -411039.99999999994 -187330.99999999997 1.9340194463729861 -2545603.6249999995 366495.50000000006 1.0000000180025095e-35
decision_type=2 2 2 2 2 2 2
left_child=1 3 -3 -1 5 -2 -6
right_child=4 2 -4 -5 6 -7 -8
leaf_value=-0.06795905254329089 0.065258626922261309 0.10385530873004079 0.03513297160512717 0.018903001220060417 -0.019959125212984666 -0.063861472050538562 0.056190051425601441
leaf_weight=10.696095563471316 5.3812439292669287 17.665971025824547 380.61596754193306 28.243300452828407 8.9138536304235441 8.219547860324381 241.94022689759731
leaf_count=57 16 32 1087 86 33 49 585
internal_value=0.0402776 0.0343507 0.0381937 -0.00482836 0.0500576 -0.0124066 0.0534642
internal_weight=701.676 437.221 398.282 38.9394 264.455 13.6008 250.854
internal_count=1945 1262 1119 143 683 65 618
is_linear=0
shrinkage=0.05


Tree=13
num_leaves=5
num_cat=0
split_feature=5 43 48 7
split_gain=15.8385 17.4295 17.7527 11.2087
threshold=96318.097656250015 358407.60937500006 2.1614831686019902 1.6061943173408511
decision_type=2 2 2 2
left_child=1 2 -1 -3
right_child=-2 3 -4 -5
leaf_value=0.038688909617936904 -0.060162384573732734 -0.00061268912095686022 0.00063221662014473809 0.096828880387137717
leaf_weight=651.89272250980139 4.0664465799927703 3.3730942308902767 32.435881122946739 19.013275951147079
leaf_count=1764 28 12 114 27
internal_value=0.0377554 0.0383259 0.0368924 0.0819234
internal_weight=710.781 706.715 684.329 22.3864
internal_count=1945 1917 1878 39
is_linear=0
shrinkage=0.05


Tree=14
num_leaves=8
num_cat=0
split_feature=46 36 22 39 28 10 1
split_gain=15.622 36.2011 23.4358 18.9953 27.3016 27.1266 14.3951
threshold=-0.83089107275009144 -1.1993210911750791 1.0000000180025095e-35 0.15840561687946322 -1081.6249999999998 -0.0007154999766498803 369302.50000000006
decision_type=2 2 2 2 2 2 2
left_child=1 6 -3 4 -2 -5 -1
right_child=3 2 -4 5 -6 -7 -8
leaf_value=-0.07383765535685842 -0.043456534394931794 -0.02872484345315467 0.080101383393318959 0.0081850971786513842 0.025867583504396621 0.044764385457399775 0.025145904998729554
leaf_weight=5.9977571368217459 15.142727263271807 5.2995707988739005 62.723081916570663 59.877946332097054 217.69839826971292 342.93917994946241 9.3869406431913358
leaf_count=28 62 20 117 192 640 859 27
internal_value=0.0354418 0.0558723 0.0715493 0.0327532 0.0213376 0.0393394 -0.013118
internal_weight=719.066 83.4074 68.0227 635.658 232.841 402.817 15.3847
internal_count=1945 192 137 1753 702 1051 55
is_linear=0
shrinkage=0.05


Tree=15
num_leaves=8
num_cat=0
split_feature=7 43 2 42 55 55 22
split_gain=15.4126 27.238 33.0234 16.7322 16.531 14.6085 7.98432
threshold=3.8328188657760625 638.03500366210949 143357.50000000003 -0.00059750000946223725 5.3945941925048837 3.9310828447341923 24156.434570312504
decision_type=2 2 2 2 2 2 2
left_child=4 3 -3 -2 5 -1 -6
right_child=1 2 -4 -5 6 -7 -8
leaf_value=0.031200239759319039 0.060030075701267151 -0.074031630414078217 0.071215200380612451 -0.07735478479768812 0.054514681729179962 -0.00069879781443879909 0.12713475242941549
leaf_weight=584.92527724057436 3.484506368637085 4.1049302071332923 71.934689238667488 5.9839969277381879 12.391352489590647 37.911459259688854 5.7603225708007804
leaf_count=1599 8 19 139 26 26 123 5
internal_value=0.0333125 0.053331 0.0633084 -0.0262677 0.0306342 0.0292505 0.0778357
internal_weight=726.497 85.5081 76.0396 9.4685 640.988 622.837 18.1517
internal_count=1945 192 158 34 1753 1722 31
is_linear=0
shrinkage=0.05


Tree=16
num_leaves=7
num_cat=0
split_feature=14 28 57 49 35 60
split_gain=13.938 22.6823 23.7682 18.9663 18.212 20.0895
threshold=1.5822499990463259 -654.78124999999989 82.940135955810561 -1.0015623569488523 2.0779038667678837 -1269948.8124999998
decision_type=2 2 2 2 2 2
left_child=4 3 -3 -2 5 -1
right_child=1 2 -4 -5 -6 -7
leaf_value=-0.0066149556313231835 -0.01249413810005145 0.021421300509095749 0.046172662418903193 0.055901366913876316 -0.072430569747931037 0.037287204426756038
leaf_weight=43.086070649325848 10.786767885088919 327.29800844192505 138.79189071059227 142.33319913595915 5.6125560179352751 65.278936773538589
leaf_count=184 35 910 322 293 27 174
internal_value=0.031348 0.0343121 0.0288025 0.0510505 0.0152007 0.0197855
internal_weight=733.187 619.21 466.09 153.12 113.978 108.365
internal_count=1945 1560 1232 328 385 358
is_linear=0
shrinkage=0.05


Tree=17
num_leaves=8
num_cat=0
split_feature=46 36 22 27 10 43 43
split_gain=13.6289 31.2455 19.8611 15.9534 16.0634 13.4387 11.7359
threshold=-0.83089107275009144 -1.1993210911750791 1.0000000180025095e-35 -1404575.9999999998 -0.00014150000060908494 64303.769531250007 51388.189453125007
decision_type=2 2 2 2 2 2 2
left_child=1 5 -3 6 -5 -1 -2
right_child=3 2 -4 4 -6 -7 -8
leaf_value=-0.051191897388237477 -0.015782591264336444 -0.029536229047124236 0.070187078867401637 0.017450639503952745 0.03355785283842664 0.044807816177714302 0.075491247415153853
leaf_weight=9.8356046974658948 3.9816313832998302 5.3346204906702033 64.986699149012566 318.03328575193882 305.28438871353865 5.7497682869434348 25.617143161594868
leaf_count=41 15 20 117 907 787 14 44
internal_value=0.0295448 0.0483407 0.0625509 0.0270641 0.0253475 -0.0154548 0.0630442
internal_weight=738.823 85.9067 70.3213 652.916 623.318 15.5854 29.5988
internal_count=1945 192 137 1753 1694 55 59
is_linear=0
shrinkage=0.05


Tree=18
num_leaves=5
num_cat=0
split_feature=5 43 52 7
split_gain=13.367 14.3917 21.7781 15.7634
threshold=96318.097656250015 25750.550781250004 1.0340406298637392 3.8328188657760625
decision_type=2 2 2 2
left_child=1 2 -1 -3
right_child=-2 3 -4 -5
leaf_value=-0.066615852213038937 -0.060891388086289647 0.032127019113478587 0.02426467234752798 0.064656568660111782
leaf_weight=6.6600935310125342 4.182675525546073 232.29230135679245 456.09410972893238 44.855265885591507
leaf_count=36 28 581 1221 79
internal_value=0.027862 0.0283705 0.0229459 0.0374098
internal_weight=744.084 739.902 462.754 277.148
internal_count=1945 1917 1257 660
is_linear=0
shrinkage=0.05


Tree=19
num_leaves=7
num_cat=0
split_feature=21 26 46 57 55 40
split_gain=13.3697 23.1166 20.1988 20.1018 20.1226 19.0845
threshold=-28.499999999999996 0.032857120037078864 -0.4973702728748321 3.7749695777893071 0.93124639987945568 1.0000000180025095e-35
decision_type=2 2 2 2 2 2
left_child=1 5 -3 -2 -5 -1
right_child=3 2 -4 4 -6 -7
leaf_value=0.0091942346670419763 -0.075336541027730602 0.062022166524875605 0.031476041805464455 0.029966675534929571 -0.016218184492873933 0.031938748839891853
leaf_weight=176.52367904037237 6.3980012834072104 77.804164111614227 182.56841869652271 76.482518494129181 33.945232659578323 194.94012404978275
leaf_count=525 30 145 442 195 111 497
internal_value=0.0263011 0.0291788 0.040623 0.0106945 0.0157243 0.0211438
internal_weight=748.662 631.836 260.373 116.826 110.428 371.464
internal_count=1945 1609 587 336 306 1022
is_linear=0
shrinkage=0.05


Tree=20
num_leaves=5
num_cat=0
split_feature=23 47 9 31
split_gain=12.453 13.6224 21.5246 18.728
threshold=39.500000000000007 0.64267632365226757 43867886.000000007 -5.2041852474212638
decision_type=2 2 2 2
left_child=1 2 -1 -3
right_child=-2 3 -4 -5
leaf_value=0.023407036812490047 -0.070154620034588042 0.010987737879813336 -0.031571886692182673 0.048564863849814947
leaf_weight=566.04886239022017 3.4064131677150717 46.550590232014656 18.304169416427612 118.56485619395971
leaf_count=1469 17 129 79 251
internal_value=0.0248411 0.0252795 0.0216763 0.0380011
internal_weight=752.875 749.468 584.353 165.115
internal_count=1945 1928 1548 380
is_linear=0
shrinkage=0.05


Tree=21
num_leaves=7
num_cat=0
split_feature=55 7 43 45 20 57
split_gain=12.2421 13.7317 34.7204 14.4752 6.91658 8.09492
threshold=5.3945941925048837 3.2136912345886235 638.03500366210949 -0.47011983394622797 24752.204101562504 94.935901641845717
decision_type=2 2 2 2 2 2
left_child=1 3 -3 -1 5 -2
right_child=4 2 -4 -5 -6 -7
leaf_value=0.034236788868649427 0.077457306586308339 -0.029278771233186326 0.042950170952950902 0.014581004980601353 0.10823842793740912 -0.0016813165069800764
leaf_weight=119.10969091951847 7.1501417309045809 18.617394655942917 150.75584281235933 449.30070088803768 6.0082001686096183 5.674895316362381
leaf_count=291 10 64 317 1242 5 16
internal_value=0.0234778 0.0224511 0.0349813 0.0187086 0.0634308 0.0420497
internal_weight=756.617 737.784 169.373 568.41 18.8332 12.825
internal_count=1945 1914 381 1533 31 26
is_linear=0
shrinkage=0.05


Tree=22
num_leaves=5
num_cat=0
split_feature=5 27 47 57
split_gain=11.8314 11.7944 14.5816 11.031
threshold=96318.097656250015 -1404575.9999999998 0.64267632365226757 29.999845504760746
decision_type=2 2 2 2
left_child=1 3 -3 -1
right_child=-2 2 -4 -5
leaf_value=0.022460727060977695 -0.061139622249911686 0.017531215809174574 0.034486381891572875 0.083801226931408762
leaf_weight=14.812740206718447 4.2022566497325888 560.72924730181694 165.10744277387857 15.075090557336805
leaf_count=36 28 1486 376 19
internal_value=0.0222039 0.0226739 0.0213949 0.0535675
internal_weight=759.927 755.725 725.837 29.8878
internal_count=1945 1917 1862 55
is_linear=0
shrinkage=0.05


Tree=23
num_leaves=7
num_cat=0
split_feature=21 26 49 57 55 1
split_gain=12.4577 19.8505 19.9633 17.9437 17.8778 14.3636
threshold=-28.499999999999996 0.032857120037078864 1.0000000180025095e-35 3.7749695777893071 0.93124639987945568 319757.00000000006
decision_type=2 2 2 2 2 2
left_child=1 5 -3 -2 -5 -1
right_child=3 2 -4 4 -6 -7
leaf_value=0.0066569831472354304 -0.075386763353862393 0.04574246278830723 0.017780425597836682 0.023993236850125017 -0.019198378061656557 0.026183366540884392
leaf_weight=190.2276353687048 6.3796923309564582 156.24725911021233 109.1774388551712 78.217160820960999 34.417188197374344 188.22175252437592
leaf_count=547 30 315 272 195 111 475
internal_value=0.0210096 0.0237593 0.0342596 0.00609159 0.010751 0.0163816
internal_weight=762.888 643.874 265.425 119.014 112.634 378.449
internal_count=1945 1609 587 336 306 1022
is_linear=0
shrinkage=0.05


Tree=24
num_leaves=6
num_cat=0
split_feature=17 7 38 35 9
split_gain=11.3644 13.3551 24.2443 18.0866 7.46547
threshold=9139.5000000000018 1.6641636490821841 -1.6253241896629331 -2.4526567459106441 37690468.000000007
decision_type=2 2 2 2 2
left_child=1 2 -1 -3 -2
right_child=4 3 -4 -5 -6
leaf_value=-0.020311487571976289 -0.06873057312637991 -0.051567808852496927 0.018699369689089456 0.026458190547408916 0.040266712186931675
leaf_weight=49.164053827524185 5.8458247557282439 7.4978514909744254 207.68459451943636 493.19137306511402 2.0861940681934357
leaf_count=174 30 28 565 1142 6
internal_value=0.0198891 0.0205168 0.0112127 0.0252798 -0.0394329
internal_weight=765.47 757.538 256.849 500.689 7.93202
internal_count=1945 1909 739 1170 36
is_linear=0
shrinkage=0.05


Tree=25
num_leaves=8
num_cat=0
split_feature=28 14 28 54 28 35 10
split_gain=11.3381 22.8629 19.9102 36.9681 17.9864 17.1478 13.13
threshold=-654.78124999999989 1.5822499990463259 -153.37499999999997 -1.1316331028938291 -125.04101562499999 -1.7870509028434751 -1.0000000180025095e-35
decision_type=2 2 2 2 2 2 2
left_child=1 6 3 -2 -4 -3 -1
right_child=2 5 4 -5 -6 -7 -8
leaf_value=-0.054528703339234111 -0.042464086332332111 0.013984673473188661 0.069324973334373194 0.01379018147526468 0.01890486136463914 0.048564540297923155 0.020105488645672839
leaf_weight=11.477778114378454 38.221724271774292 55.507881917059422 18.587804660201073 123.76930037140846 404.41208964586258 103.71120882034302 11.987888768315313
leaf_count=52 144 136 31 329 1025 192 36
internal_value=0.0188371 0.0297403 0.0154237 0.000486141 0.0211323 0.0365405 -0.0161873
internal_weight=767.676 182.685 584.991 161.991 423 159.219 23.4657
internal_count=1945 416 1529 473 1056 328 88
is_linear=0
shrinkage=0.05


Tree=26
num_leaves=7
num_cat=0
split_feature=55 55 27 28 20 57
split_gain=10.8349 12.7731 20.8944 11.9735 6.28282 7.37262
threshold=5.3945941925048837 3.9310828447341923 -411039.99999999994 1504.1875000000002 24752.204101562504 94.935901641845717
decision_type=2 2 2 2 2 2
left_child=1 3 -3 -1 5 -2
right_child=4 2 -4 -5 -6 -7
leaf_value=0.016956603143132118 0.068683104177950496 0.10158761793454951 -0.021511396340626623 0.046591121258866393 0.097807705212466498 -0.0065721673547429324
leaf_weight=673.09912917762995 7.2154834419488925 3.7885969579219809 37.440249390900135 36.136631093919277 6.0477931499481192 5.7255913317203522
leaf_count=1715 10 4 120 75 5 16
internal_value=0.0178517 0.0168983 -0.0100783 0.0184736 0.0552678 0.0350011
internal_weight=769.453 750.465 41.2288 709.236 18.9889 12.9411
internal_count=1945 1914 124 1790 31 26
is_linear=0
shrinkage=0.05


Tree=27
num_leaves=8
num_cat=0
split_feature=7 26 58 2 45 35 36
split_gain=10.664 21.201 24.8268 15.8673 11.3522 19.3677 16.6442
threshold=3.8328188657760625 0.012142849620431663 21382.786132812504 143357.50000000003 -0.47011983394622797 -2.4526567459106441 -1.883275508880615
decision_type=2 2 2 2 2 2 2
left_child=4 2 -2 -3 6 -6 -1
right_child=1 3 -4 -5 5 -7 -8
leaf_value=-0.035208227356848178 -0.049524727491656345 -0.080130607659383735 0.03657962663895864 0.057885627745431267 -0.055684178933584641 0.01280794331497181 0.032266256633133393
leaf_weight=9.7622797936201078 13.794345378875731 2.1377964764833441 21.27282178401947 53.014472343027592 10.500412493944166 531.21474296599627 129.72444795072079
leaf_count=34 51 9 47 85 43 1383 293
internal_value=0.0169149 0.0331133 0.00256624 0.0524452 0.0147622 0.0114711 0.0275081
internal_weight=771.421 90.2194 35.0672 55.1523 681.202 541.715 139.487
internal_count=1945 192 98 94 1753 1426 327
is_linear=0
shrinkage=0.05


Tree=28
num_leaves=5
num_cat=0
split_feature=5 43 47 33
split_gain=10.4381 12.1751 12.7861 11.4324
threshold=96318.097656250015 358407.60937500006 0.64267632365226757 -0.72254729270935047
decision_type=2 2 2 2
left_child=1 2 -1 -3
right_child=-2 3 -4 -5
leaf_value=0.011787606650413611 -0.061721669462665378 -0.0088744013131798714 0.027490557658786097 0.071448751220446735
leaf_weight=576.63652308285236 4.2650019302964202 5.7360590994358089 168.26416945457458 17.992579251527786
leaf_count=1499 28 16 379 23
internal_value=0.0160361 0.0164741 0.0153414 0.0518211
internal_weight=772.894 768.629 744.901 23.7286
internal_count=1945 1917 1878 39
is_linear=0
shrinkage=0.05


Tree=29
num_leaves=8
num_cat=0
split_feature=21 47 53 14 48 48 3
split_gain=10.7771 16.9716 20.4437 20.0345 13.6697 15.1308 12.9308
threshold=-28.499999999999996 0.64267632365226757 -1.2037930488586424 1.1950000524520876 -0.57890644669532765 -0.50259801745414723 -111052.99999999999
decision_type=2 2 2 2 2 2 2
left_child=1 3 -3 -1 6 -6 -2
right_child=4 2 -4 -5 5 -7 -8
leaf_value=-0.025483049192652103 0.020730665374537001 -0.026848500144125261 0.044750565806464818 0.016578252723851442 0.063068426662042196 0.00096220278987659165 -0.083352960783652688
leaf_weight=29.838295377790928 4.4959780126810065 11.138346105813978 88.888865031301975 523.73883944749832 10.937027245759962 96.707018837332726 8.4991787225007993
leaf_count=120 11 35 167 1287 18 271 36
internal_value=0.0152067 0.0177417 0.0367278 0.0143021 0.00143076 0.00731887 -0.046958
internal_weight=774.244 653.604 100.027 553.577 120.639 107.644 12.9952
internal_count=1945 1609 202 1407 336 289 47
is_linear=0
shrinkage=0.05


Tree=30
num_leaves=5
num_cat=0
split_feature=23 43 27 56
split_gain=10.0442 9.82946 19.6909 14.2004
threshold=39.500000000000007 24068.425781250004 -411039.99999999994 21.305197715759281
decision_type=2 2 2 2
left_child=1 2 -1 -3
right_child=-2 3 -4 -5
leaf_value=-0.022129575324880954 -0.071045921910452392 0.044399179556891925 0.013517627285724049 0.016591570348633979
leaf_weight=42.469296112656593 3.401932291686534 57.124181635677814 430.80967693775892 241.42406476289034
leaf_count=142 17 110 1088 588
internal_value=0.0144265 0.0148098 0.0103083 0.021929
internal_weight=775.229 771.827 473.279 298.548
internal_count=1945 1928 1230 698
is_linear=0
shrinkage=0.05


Tree=31
num_leaves=8
num_cat=0
split_feature=28 14 28 53 31 50 13
split_gain=10.5332 19.8133 16.865 35.544 16.0514 15.8195 11.356
threshold=-654.78124999999989 1.5822499990463259 -153.37499999999997 -0.74253654479980458 -11.304468154907225 1.8530469536781313 10200687.500000002
decision_type=2 2 2 2 2 2 2
left_child=1 6 3 -2 -4 -3 -1
right_child=2 5 4 -5 -6 -7 -8
leaf_value=0.004408445060019953 -0.04474446183238983 0.070362608699799961 0.051678026785300007 0.0098303031303519622 0.013025944952850886 0.024209970524594771 -0.070457438561088714
leaf_weight=16.29004538059235 39.19568458199501 21.630350172519684 28.915396958589554 124.73483625054359 399.6953848823905 138.57584038376808 7.2811707109212866
leaf_count=50 147 30 54 326 1002 298 38
internal_value=0.0136848 0.0241634 0.0104264 -0.00318799 0.0156452 0.0304725 -0.0185056
internal_weight=776.319 183.777 592.541 163.931 428.611 160.206 23.5712
internal_count=1945 416 1529 473 1056 328 88
is_linear=0
shrinkage=0.05


Tree=32
num_leaves=7
num_cat=0
split_feature=55 55 1 10 22 34
split_gain=9.84736 11.6644 20.0591 11.2753 5.97764 6.70853
threshold=5.3945941925048837 3.9310828447341923 305775.50000000006 -0.00014150000060908494 24156.434570312504 -0.074956808239221559
decision_type=2 2 2 2 2 2
left_child=1 3 -3 -1 5 -2
right_child=4 2 -4 -5 -6 -7
leaf_value=0.0076781858899673157 0.060191757714004361 -0.083565437188794833 0.0035123561326415448 0.020278906501441346 0.090385468032404187 -0.011977526607352837
leaf_weight=380.69981172680855 7.4130834788084039 8.2236991226673108 33.313813656568527 335.68107037246227 5.9925557374954215 5.5199943929910669
leaf_count=991 11 35 89 799 5 15
internal_value=0.0129908 0.0120925 -0.0136071 0.0135896 0.0487028 0.0290024
internal_weight=776.844 757.918 41.5375 716.381 18.9256 12.9331
internal_count=1945 1914 124 1790 31 26
is_linear=0
shrinkage=0.05


Tree=33
num_leaves=8
num_cat=0
split_feature=28 35 7 38 49 2 14
split_gain=9.51411 18.121 36.8385 15.9416 21.4946 19.8657 12.4785
threshold=-654.78124999999989 -1.7870509028434751 3.7072997093200688 -0.93165519833564747 -0.27036920189857477 214581.00000000003 1.3550000190734866
decision_type=2 2 2 2 2 2 2
left_child=1 2 -1 4 -2 -5 -3
right_child=3 6 -4 5 -6 -7 -8
leaf_value=-0.024453720782900569 0.012416262195463643 -0.023062593988461291 0.057795465104400159 -0.00031785009812495337 -0.022898751381867258 0.022467591638839306 0.038317935746890491
leaf_weight=44.343339219689369 95.541139259934425 8.8426854908466321 19.642637148499489 146.4590158611536 78.388701900839806 273.48596112430096 111.06782220304012
leaf_count=143 245 34 31 400 250 634 208
internal_value=0.0123264 0.0222835 0.000717278 0.00923474 -0.00347117 0.0145091 0.0337498
internal_weight=777.771 183.896 63.986 593.875 173.93 419.945 119.911
internal_count=1945 416 174 1529 495 1034 242
is_linear=0
shrinkage=0.05


Tree=34
num_leaves=8
num_cat=0
split_feature=46 36 49 1 43 27 43
split_gain=9.23569 25.4353 14.3771 13.7631 12.3751 28.482 18.1859
threshold=-0.83089107275009144 -1.0928204655647276 -1.034197151660919 369302.50000000006 2372.0000000000005 -204315.99999999997 2805.444946289063
decision_type=2 2 2 2 2 2 2
left_child=1 3 -3 -1 5 -2 -6
right_child=4 2 -4 -5 6 -7 -8
leaf_value=-0.081095540343816566 -0.039447490894650064 0.0033168467407288143 0.054100068822542903 0.0078016235164887725 0.072566660321627549 0.0080618090303802275 0.012747631040520409
leaf_weight=6.9315827861428287 37.753416962921619 19.343068525195122 51.931052967905998 11.477395683526991 13.121317252516745 191.84659440815449 445.66786826401949
leaf_count=31 136 48 84 29 19 493 1105
internal_value=0.0117043 0.0268284 0.0403882 -0.0253995 0.00972667 0.000228018 0.0144693
internal_weight=778.072 89.6831 71.2741 18.409 688.389 229.6 458.789
internal_count=1945 192 132 60 1753 629 1124
is_linear=0
shrinkage=0.05


Tree=35
num_leaves=7
num_cat=0
split_feature=21 26 49 13 57 26
split_gain=9.18221 16.3403 16.8686 15.7273 14.5302 13.654
threshold=-28.499999999999996 0.032857120037078864 1.0000000180025095e-35 28609974.000000004 3.7749695777893071 0.022142840549349788
decision_type=2 2 2 2 2 2
left_child=1 3 -3 -1 -2 -6
right_child=4 2 -4 -5 5 -7
leaf_value=0.0088550275945636619 -0.075560142333391422 0.033349381288379915 0.0078837271226958917 -0.04387734118490387 0.028603512607167793 -0.0088370837104233737
leaf_weight=372.506412319839 6.2828385904431334 158.98107463121414 111.05385190248489 14.670969061553476 34.974613502621651 79.969717845320702
leaf_count=963 30 315 272 59 81 225
internal_value=0.0111136 0.0134466 0.022895 0.00684397 -0.00149335 0.00251163
internal_weight=778.439 657.212 270.035 387.177 121.227 114.944
internal_count=1945 1609 587 1022 336 306
is_linear=0
shrinkage=0.05


Tree=36
num_leaves=5
num_cat=0
split_feature=5 43 48 33
split_gain=9.13653 10.7062 11.5141 10.0555
threshold=96318.097656250015 358407.60937500006 2.1614831686019902 -0.72254729270935047
decision_type=2 2 2 2
left_child=1 2 -1 -3
right_child=-2 3 -4 -5
leaf_value=0.011298263050595125 -0.062086836596007167 -0.012433849675100157 -0.017792287124520006 0.062954340166524084
leaf_weight=715.3587643429637 4.2843598872423163 5.7557243257761028 35.583635710179806 17.729955449700356
leaf_count=1764 28 16 114 23
internal_value=0.0105531 0.0109614 0.00991314 0.0442658
internal_weight=778.712 774.428 750.942 23.4857
internal_count=1945 1917 1878 39
is_linear=0
shrinkage=0.05


Tree=37
num_leaves=8
num_cat=0
split_feature=7 43 56 12 34 38 27
split_gain=8.75187 28.5685 17.8982 17.2726 11.5399 25.1776 14.0692
threshold=3.2136912345886235 638.03500366210949 52.097467422485359 4957420.7500000009 -1.4344807267189024 -1.4897411465644834 -184863.99999999997
decision_type=2 2 2 2 2 2 2
left_child=4 3 -3 -2 6 -6 -1
right_child=1 2 -4 -5 5 -7 -8
leaf_value=-0.0042784939568759331 -0.086942864350135082 0.015782213805163696 0.052873012196497197 0.0072702322585123632 -0.015567873865210524 0.010688364814698474 0.059287052309304034
leaf_weight=14.071490630507467 9.1919981092214602 107.33147209882736 47.073075912892818 10.146300032734869 114.11235881596804 454.84361644089222 22.245537184178829
leaf_count=40 38 243 76 27 351 1132 38
internal_value=0.0100205 0.0199284 0.0271224 -0.0372532 0.0071682 0.00541351 0.0345201
internal_weight=779.016 173.743 154.405 19.3383 605.273 568.956 36.317
internal_count=1945 384 319 65 1561 1483 78
is_linear=0
shrinkage=0.05


Tree=38
num_leaves=7
num_cat=0
split_feature=56 11 56 38 27 47
split_gain=9.07659 23.5166 22.3013 28.0575 17.4575 13.0575
threshold=21.305197715759281 34.655000686645515 24.999990463256839 -2.4578505754470821 -87227.999999999985 0.64267632365226757
decision_type=2 2 2 2 2 2
left_child=1 4 3 -2 -1 -4
right_child=2 -3 5 -5 -6 -7
leaf_value=0.022534172856565456 0.022919074557691755 -0.079733306757563252 0.0053334375497363562 -0.087301545289400206 0.095551683862176051 0.02199340288277107
leaf_weight=79.972349166870117 9.9716027826070803 5.1314205825328818 507.76565623283386 13.529099375009535 9.1894863396882993 153.62891729176044
leaf_count=180 22 23 1312 57 11 340
internal_value=0.00951685 0.0240848 0.0075039 -0.040321 0.0301158 0.00921078
internal_weight=779.189 94.2933 684.895 23.5007 89.1618 661.395
internal_count=1945 214 1731 79 191 1652
is_linear=0
shrinkage=0.05


Tree=39
num_leaves=5
num_cat=0
split_feature=23 28 33 24
split_gain=8.77732 9.09161 17.0471 14.1353
threshold=39.500000000000007 -654.78124999999989 -1.3628400564193723 107.50000000000001
decision_type=2 2 2 2
left_child=1 2 -1 -3
right_child=-2 3 -4 -5
leaf_value=-0.022699486102289147 -0.071140519823736245 0.0050474776336235727 0.024763658937158539 0.051275627796688761
leaf_weight=21.330604180693626 3.3840771988034239 576.82935361564159 160.83781808614731 17.055782705545425
leaf_count=67 17 1484 343 34
internal_value=0.00903738 0.00939345 0.0191786 0.00638352
internal_weight=779.438 776.054 182.168 593.885
internal_count=1945 1928 410 1518
is_linear=0
shrinkage=0.05


Tree=40
num_leaves=7
num_cat=0
split_feature=55 55 1 10 20 57
split_gain=8.61194 11.06 17.6128 10.2873 5.61165 6.53054
threshold=5.3945941925048837 3.9310828447341923 305775.50000000006 -0.00014150000060908494 24752.204101562504 94.935901641845717
decision_type=2 2 2 2 2 2
left_child=1 3 -3 -1 5 -2
right_child=4 2 -4 -5 -6 -7
leaf_value=0.003565669448942366 0.055470825004433649 -0.083123400851189411 -0.0010462342594485979 0.015568003417464555 0.083199847371958915 -0.015701692049539581
leaf_weight=381.77557235956192 7.0869928300380725 8.1637532711029035 33.437968604266644 337.60790719091892 5.8315905332565299 5.758071631193161
leaf_count=991 10 35 89 799 5 16
internal_value=0.00858254 0.00775125 -0.0172729 0.00920534 0.0421862 0.023177
internal_weight=779.662 760.985 41.6017 719.383 18.6767 12.8451
internal_count=1945 1914 124 1790 31 26
is_linear=0
shrinkage=0.05


Tree=41
num_leaves=6
num_cat=0
split_feature=17 7 38 11 9
split_gain=8.43835 10.0142 19.3191 14.8215 6.38346
threshold=9139.5000000000018 1.6641636490821841 -1.6905308961868284 22.35000038146973 37690468.000000007
decision_type=2 2 2 2 2
left_child=1 2 -1 -3 -2
right_child=4 3 -4 -5 -6
leaf_value=-0.028353338465000801 -0.069953679836235572 0.042620473322427327 0.0070620699093829195 0.01033715204053744 0.028187253026411827
leaf_weight=46.761646524071693 5.8913424089550954 38.6168462485075 217.94024477154016 468.4191378057003 2.220133364200592
leaf_count=164 30 67 575 1103 6
internal_value=0.0081512 0.0086898 0.000786774 0.0128058 -0.0424758
internal_weight=779.849 771.738 264.702 507.036 8.11148
internal_count=1945 1909 739 1170 36
is_linear=0
shrinkage=0.05


Tree=42
num_leaves=5
num_cat=0
split_feature=5 27 31 47
split_gain=8.27084 9.05694 10.8753 10.7852
threshold=96318.097656250015 -1404575.9999999998 -1.4064987301826475 0.64267632365226757
decision_type=2 2 2 2
left_child=1 2 -1 -3
right_child=-2 3 -4 -5
leaf_value=0.0081973495910136179 -0.061861612429886581 0.003797179762266966 0.070003378869626848 0.018199260354317109
leaf_weight=16.455634295940403 4.2278132960200301 577.87265614420176 12.832295581698416 168.28633607178926
leaf_count=40 28 1486 15 376
internal_value=0.00774506 0.00813101 0.0354479 0.00705208
internal_weight=779.675 775.447 29.2879 746.159
internal_count=1945 1917 55 1862
is_linear=0
shrinkage=0.05


Tree=43
num_leaves=7
num_cat=0
split_feature=21 26 27 40 57 55
split_gain=8.31546 14.6217 15.5194 15.0609 12.9151 15.3817
threshold=-28.499999999999996 0.032857120037078864 -32275.999999999996 1.0000000180025095e-35 3.7749695777893071 0.93124639987945568
decision_type=2 2 2 2 2 2
left_child=1 3 -3 -1 -2 -6
right_child=4 2 -4 -5 5 -7
leaf_value=-0.0069645679637210149 -0.074948179630297665 0.026009116786123412 -0.00064129857899241098 0.012744886843694837 0.011284506331100556 -0.028293567248771374
leaf_weight=184.74164006114006 6.1974262222647658 194.18685148656368 75.504785120487213 203.52554552257061 80.06926117837429 35.39269945025444
leaf_count=525 30 399 188 497 195 111
internal_value=0.00735891 0.00958186 0.0185293 0.00335404 -0.00462216 -0.000804106
internal_weight=779.618 657.959 269.692 388.267 121.659 115.462
internal_count=1945 1609 587 1022 336 306
is_linear=0
shrinkage=0.05


Tree=44
num_leaves=7
num_cat=0
split_feature=55 55 46 10 20 38
split_gain=8.04369 9.8233 16.899 9.65992 5.27433 5.59072
threshold=5.3945941925048837 3.9310828447341923 -0.86132690310478199 -0.00014150000060908494 24752.204101562504 0.39082443714141851
decision_type=2 2 2 2 2 2
left_child=1 3 -3 -1 5 -2
right_child=4 2 -4 -5 -6 -7
leaf_value=0.0020949714783367263 0.04907404510917128 0.051109419777717963 -0.032329221478992635 0.013721756083907678 0.079927511398189155 -0.017672713939446725
leaf_weight=381.66914084553719 7.513721704483034 7.3435449302196494 34.127386584877968 337.82430068403482 5.7067964076995841 5.2458526492118835
leaf_count=991 12 11 113 799 5 14
internal_value=0.00699137 0.00619233 -0.0174336 0.00756105 0.0396478 0.0212405
internal_weight=779.431 760.964 41.4709 719.493 18.4664 12.7596
internal_count=1945 1914 124 1790 31 26
is_linear=0
shrinkage=0.05


Tree=45
num_leaves=8
num_cat=0
split_feature=56 0 54 56 60 49 48
split_gain=7.88403 28.9902 24.8558 19.8464 22.4521 21.3131 17.1882
threshold=52.097467422485359 184676.50000000003 0.76021286845207225 30.709811210632328 -887763.78124999988 -0.60360363125801075 0.86392617225646984
decision_type=2 2 2 2 2 2 2
left_child=3 2 -2 5 -5 -1 -3
right_child=1 6 -4 4 -6 -7 -8
leaf_value=0.036456091812521539 0.037164065094873786 -0.066644077840166668 0.0072190909771380363 -0.0036577063981228968 -0.062827196653337455 0.00094412100334961705 0.057995678583228807
leaf_weight=66.654791496694088 94.366363719105721 16.983838148415092 263.26847946643829 201.19026034325361 17.4489915817976 116.22818654030561 3.2615947723388663
leaf_count=132 179 72 633 550 66 307 6
internal_value=0.00664281 0.0118288 0.0151344 0.00174969 -0.00840273 0.0139144 -0.0463173
internal_weight=779.403 377.88 357.635 401.522 218.639 182.883 20.2454
internal_count=1945 890 812 1055 616 439 78
is_linear=0
shrinkage=0.05


Tree=46
num_leaves=7
num_cat=0
split_feature=21 26 16 59 42 48
split_gain=7.95214 12.7066 14.9671 13.6961 11.9192 12.9074
threshold=-28.499999999999996 0.032857120037078864 2.3945000171661381 10697.882324218752 -0.00088746999972499896 -0.57890644669532765
decision_type=2 2 2 2 2 2
left_child=1 3 -3 -1 -2 -6
right_child=4 2 -4 -5 5 -7
leaf_value=-0.015194831407204477 -0.080749441470333208 0.066815407490340581 0.014024994208907265 0.0076226041847175701 -0.049455093669002581 0.0036950920797554545
leaf_weight=83.821354061365128 5.0357413515448561 14.239659726619719 255.18428158760071 304.20818115025759 12.826610550284384 103.739123031497
leaf_count=245 23 20 567 777 46 267
internal_value=0.00631271 0.0084882 0.0168336 0.00268074 -0.00540823 -0.00211053
internal_weight=779.055 657.453 269.424 388.03 121.601 116.566
internal_count=1945 1609 587 1022 336 313
is_linear=0
shrinkage=0.05


Tree=47
num_leaves=8
num_cat=0
split_feature=7 26 40 43 45 8 0
split_gain=8.03584 16.6215 21.3268 12.7489 10.6484 15.7833 15.4398
threshold=3.8328188657760625 0.010714279953390362 -1.6896987557411192 638.03500366210949 -0.47011983394622797 1.4297999739646914 192108.00000000003
decision_type=2 2 2 2 2 2 2
left_child=4 2 -2 -3 6 -6 -1
right_child=1 3 -4 -5 5 -7 -8
leaf_value=0.011860758254329768 0.070913899995221172 -0.038736364526720475 -0.028242949393957523 0.044289377461538888 0.0085559183387754548 -0.0085250733985752988 0.077261019024957689
leaf_weight=131.67501104623079 6.8109979778528205 5.0200895220041266 26.414301291108131 51.008609347045422 305.88065679371357 242.32041837275028 9.7326306849718076
leaf_count=314 9 17 84 82 755 671 13
internal_value=0.00599806 0.0201297 -0.00776587 0.0367612 0.00416179 0.000996515 0.0163974
internal_weight=778.863 89.254 33.2253 56.0287 689.609 548.201 141.408
internal_count=1945 192 93 99 1753 1426 327
is_linear=0
shrinkage=0.05


Tree=48
num_leaves=5
num_cat=0
split_feature=5 55 55 20
split_gain=7.5692 7.56864 8.64849 4.7695
threshold=96318.097656250015 5.3945941925048837 3.9310828447341923 24752.204101562504
decision_type=2 2 2 2
left_child=1 2 -1 -3
right_child=-2 3 -4 -5
leaf_value=0.0065784711935248695 -0.061680898334989076 0.020417267330293337 -0.017043177088663375 0.076964422827084308
leaf_weight=715.47402926534414 4.1323485672473899 12.498122781515123 40.861530229449272 5.5591963529586783
leaf_count=1766 28 25 121 5
internal_value=0.00570112 0.00606714 0.00529569 0.038103
internal_weight=778.525 774.393 756.336 18.0573
internal_count=1945 1917 1887 30
is_linear=0
shrinkage=0.05


Tree=49
num_leaves=8
num_cat=0
split_feature=44 27 56 7 27 57 40
split_gain=7.61922 21.6413 21.7092 17.9546 11.9302 21.9314 18.2699
threshold=1.0000000180025095e-35 -105215.99999999999 32.888742446899421 5.1638424396514901 477184.00000000006 80.000026702880874 1.3110534548759463
decision_type=2 2 2 2 2 2 2
left_child=1 3 -3 -1 5 -2 -6
right_child=4 2 -4 -5 6 -7 -8
leaf_value=-0.030809194367956916 0.004898341317757007 0.059223667751183443 0.0013348547956863388 0.057287618966465871 -0.045652527025147036 0.029132544067995737 0.017732235111240769
leaf_weight=71.519050814211369 397.23500028252602 18.844998836517334 116.62903317809105 6.2562922090291968 24.338279463350773 122.34750089049339 21.193162426352501
leaf_count=229 999 31 295 10 83 252 46
internal_value=0.00541714 -0.00261798 0.00942434 -0.0236583 0.00845809 0.0106145 -0.0160395
internal_weight=778.363 213.249 135.474 77.7753 565.114 519.583 45.5314
internal_count=1945 565 326 239 1380 1251 129
is_linear=0
shrinkage=0.05


Tree=50
num_leaves=7
num_cat=0
split_feature=43 33 48 41 47 46
split_gain=7.67201 14.5172 10.0702 23.7701 10.6121 5.16605
threshold=358407.60937500006 -0.79533424973487843 2.1614831686019902 1.0006569027900698 0.64267632365226757 0.81876978278160106
decision_type=2 2 2 2 2 2
left_child=2 -2 4 -4 -1 -3
right_child=1 5 3 -5 -6 -7
leaf_value=0.0023793772690236491 -0.043673594312988083 0.021439922989341095 -0.05350209200666145 0.030428380727178125 0.017222268229599821 0.075563017958130085
leaf_weight=565.39610383659601 4.8184264749288586 7.9053921401500729 22.220927946269512 13.518521770834921 153.41686262190342 10.94378639757633
leaf_count=1451 17 16 84 30 336 11
internal_value=0.00514759 0.0332099 0.00426075 -0.0216153 0.00555426 0.0531289
internal_weight=778.22 23.6676 754.552 35.7394 718.813 18.8492
internal_count=1945 44 1901 114 1787 27
is_linear=0
shrinkage=0.05


Tree=51
num_leaves=8
num_cat=0
split_feature=28 33 34 47 28 34 15
split_gain=7.34249 15.9732 20.1366 13.3731 16.0792 13.3105 11.8546
threshold=-654.78124999999989 -1.3628400564193723 -1.4344807267189024 0.67610913515090953 -565.87499999999989 -1.2186381220817564 1.5827500224113467
decision_type=2 2 2 2 2 2 2
left_child=1 2 -1 4 -2 -5 -3
right_child=3 6 -4 5 -6 -7 -8
leaf_value=0.026359580316295497 -0.053776318567672121 -0.016428808471867517 -0.069634337965340715 -0.05186594699463723 -1.4315761411249213e-05 0.020542476355253123 0.024408806088343907
leaf_weight=9.8838890492916125 14.351527020335196 20.212822414934635 12.072474554181097 6.6678603589534751 455.7726427167654 119.32654092460871 139.5486064478755
leaf_count=23 53 71 48 25 1197 254 274
internal_value=0.00489325 0.0136972 -0.0261939 0.00220112 -0.00166615 0.0166708 0.0192108
internal_weight=777.836 181.718 21.9564 596.119 470.124 125.994 159.761
internal_count=1945 416 71 1529 1250 279 345
is_linear=0
shrinkage=0.05


Tree=52
num_leaves=8
num_cat=0
split_feature=21 31 56 48 26 24 49
split_gain=7.46902 11.4235 28.5305 15.9562 11.2984 14.6486 14.4724
threshold=-28.499999999999996 -4.2705397605895987 30.709811210632328 -0.56246560811996449 0.032857120037078864 33.500000000000007 1.0000000180025095e-35
decision_type=2 2 2 2 2 2 2
left_child=4 2 -2 -3 5 -1 -6
right_child=1 3 -4 -5 6 -7 -8
leaf_value=-0.0052729386571568025 0.027540402492846061 -0.05863205684719084 -0.055988782474438281 0.013219387679644765 0.024386995250578841 0.015677832091320048 0.0007586939522144534
leaf_weight=265.86539712548256 15.630739971995352 8.7088712900876981 29.228906124830246 67.763712279498577 157.58952838182449 121.52720672637224 110.82936242222786
leaf_count=725 34 33 107 162 315 297 272
internal_value=0.00465136 -0.006724 -0.0267727 0.0049714 0.00676355 0.00128653 0.0146496
internal_weight=777.144 121.332 44.8596 76.4726 655.811 387.393 268.419
internal_count=1945 336 141 195 1609 1022 587
is_linear=0
shrinkage=0.05


Tree=53
num_leaves=7
num_cat=0
split_feature=1 39 33 44 49 52
split_gain=7.26107 9.71799 16.8952 9.56254 16.4915 11.4625
threshold=18286.500000000004 1.4815322160720827 -0.82429301738739003 1.0000000180025095e-35 0.756819248199463 5.9183573722839364
decision_type=2 2 2 2 2 2
left_child=1 2 -1 4 -2 -5
right_child=3 -3 -4 5 -6 -7
leaf_value=-0.044015619661138858 9.3983960071252165e-05 0.095692046214557083 0.088946957024264639 0.0040039754961797404 -0.041401916937541645 0.023684601876911651
leaf_weight=5.8520772084593764 174.32982337474823 5.031203866004943 4.0215300768613806 471.75544410198927 27.71210965514183 88.004062086343765
leaf_count=22 450 5 5 1194 93 176
internal_value=0.00442105 0.0390187 0.00963377 0.00373757 -0.00557285 0.00710705
internal_weight=776.706 14.9048 9.87361 761.801 202.042 559.76
internal_count=1945 32 27 1913 543 1370
is_linear=0
shrinkage=0.05


Tree=54
num_leaves=8
num_cat=0
split_feature=21 31 56 58 47 53 13
split_gain=7.00812 17.207 23.9871 21.8457 11.0563 20.7441 14.3834
threshold=-21.499999999999996 -1.4064987301826475 30.709811210632328 20127.624023437504 0.64267632365226757 -1.2037930488586424 28609974.000000004
decision_type=2 2 2 2 2 2 2
left_child=4 2 -2 -3 6 -6 -1
right_child=1 3 -4 -5 5 -7 -8
leaf_value=0.0046421515288257711 0.017549065764386276 0.043399534151912472 -0.045831987700621329 -0.031675391442232359 -0.04163376313229461 0.028844347275565386 -0.04531866126842081
leaf_weight=548.21194716542959 22.80543876439333 27.702829398214817 42.724528774619102 14.830407068133352 11.695224389433859 93.769074678421021 14.780676908791063
leaf_count=1366 53 53 149 46 38 180 60
internal_value=0.00420135 -0.0075919 -0.0236981 0.017105 0.00611533 0.0209814 0.00332161
internal_weight=776.52 108.063 65.53 42.5332 668.457 105.464 562.993
internal_count=1945 301 202 99 1644 218 1426
is_linear=0
shrinkage=0.05


Tree=55
num_leaves=8
num_cat=0
split_feature=24 24 2 57 20 47 58
split_gain=7.10253 33.4389 22.5068 14.5067 12.5337 23.0258 13.2235
threshold=33.500000000000007 26.500000000000004 1562797.5000000002 89.999946594238295 5241.7351074218759 -0.34153303503990168 34300.748046875007
decision_type=2 2 2 2 2 2 2
left_child=1 3 -3 -1 6 -6 -2
right_child=4 2 -4 -5 5 -7 -8
leaf_value=0.0019023254676763211 -0.0042949253858309815 -0.053814778229166894 0.05100874337136483 0.025917631277291138 0.021836571840240761 -0.024658536282642002 0.090685474075192729
leaf_weight=511.76227917522192 5.6222089231014243 38.870532937347889 5.8494688421487799 71.801737576723099 95.138222388923168 36.899099789559841 10.024531111121176
leaf_count=1290 16 140 9 146 213 120 11
internal_value=0.00399318 0.00166491 -0.0399918 0.00486574 0.0138644 0.0088052 0.0562374
internal_weight=775.968 628.284 44.72 583.564 147.684 132.037 15.6467
internal_count=1945 1585 149 1436 360 333 27
is_linear=0
shrinkage=0.05


Tree=56
num_leaves=7
num_cat=0
split_feature=43 6 47 31 43 46
split_gain=6.82365 12.2985 7.9157 13.1995 13.1702 6.62579
threshold=358407.60937500006 -2055805887.9999998 0.64267632365226757 -5.2041852474212638 100699.46093750001 0.81876978278160106
decision_type=2 2 2 2 2 2
left_child=2 -2 4 -4 -1 -3
right_child=1 5 3 -5 -6 -7
leaf_value=0.0025144004817441445 -0.07823293507243391 0.0082380563006076712 -0.0096018980978090154 0.021420875614082666 -0.024302912332932271 0.066219079061243982
leaf_weight=534.6977628916502 2.3089538961648968 8.5480459332466143 47.781416326761246 119.79086946696043 50.066196501255035 12.365001037716864
leaf_count=1364 10 20 130 252 155 14
internal_value=0.00379534 0.0305134 0.002964 0.0125452 0.000209811 0.0427589
internal_weight=775.558 23.222 752.336 167.572 584.764 20.913
internal_count=1945 44 1901 382 1519 34
is_linear=0
shrinkage=0.05


Tree=57
num_leaves=8
num_cat=0
split_feature=43 27 3 48 48 54 55
split_gain=6.95362 15.4561 19.7272 17.7473 12.4591 13.0506 11.7788
threshold=24068.425781250004 -411039.99999999994 -187330.99999999997 1.5135009288787844 2.3622117042541508 2.7662382125854497 0.93124639987945568
decision_type=2 2 2 2 2 2 2
left_child=1 3 -3 -1 6 -6 -2
right_child=4 2 -4 -5 5 -7 -8
leaf_value=-0.043137288906288693 0.018311943638370163 0.052978062571569486 0.00041277079107654153 0.044702920624692846 -0.065722395994806379 0.05658768405741256 -0.004003698933820187
leaf_weight=35.628532499074936 201.72383937984705 18.658427849411964 416.51853935420513 6.8035307377576819 9.9313919693231565 2.7520184665918341 83.180575676262379
leaf_count=129 446 31 1066 13 40 4 216
internal_value=0.00360757 -0.000120112 0.00267802 -0.0289352 0.00960705 -0.0387896 0.0117791
internal_weight=775.197 477.609 435.177 42.4321 297.588 12.6834 284.904
internal_count=1945 1239 1097 142 706 44 662
is_linear=0
shrinkage=0.05


Tree=58
num_leaves=8
num_cat=0
split_feature=28 49 44 16 38 27 2
split_gain=6.81808 15.0045 19.2461 12.9402 12.7835 18.9737 15.5338
threshold=-654.78124999999989 -0.97115442156791676 32010.080078125004 10.085000038146974 -0.93165519833564747 -72799.999999999985 214581.00000000003
decision_type=2 2 2 2 2 2 2
left_child=1 2 -1 -3 5 -2 -6
right_child=4 3 -4 -5 6 -7 -8
leaf_value=-0.092370410162948585 -0.021468144027693769 0.012148240649453065 0.020753035394482672 0.063982571718076961 -0.0074858737642026123 0.01439195480247569 0.012639376339795642
leaf_weight=7.5282097160816175 121.19427310675383 152.34632647037506 7.3995882272720337 13.145286008715628 147.53676551580429 52.855765625834465 272.73489437997341
leaf_count=33 370 351 16 16 400 125 634
internal_value=0.00342905 0.0119443 -0.0359611 0.0162957 0.00083564 -0.0105494 0.00556249
internal_weight=774.741 180.419 14.9278 165.492 594.322 174.05 420.272
internal_count=1945 416 49 367 1529 495 1034
is_linear=0
shrinkage=0.05


Tree=59
num_leaves=8
num_cat=0
split_feature=7 2 43 45 60 35 54
split_gain=6.79609 14.678 16.7845 10.1317 15.3169 13.5053 5.8029
threshold=3.8328188657760625 143357.50000000003 638.03500366210949 -0.47011983394622797 -1289755.1249999998 -2.4526567459106441 0.31068614125251776
decision_type=2 2 2 2 2 2 2
left_child=3 6 -3 4 -1 -5 -2
right_child=1 2 -4 5 -6 -7 -8
leaf_value=0.030868120694978712 -0.082812747956431731 -0.050978540298302434 0.029650657364754279 -0.057985514710831992 -0.0020703881342521995 -0.00039819564985815286 0.011060202401688965
leaf_weight=66.934577465057373 4.8862837255001059 7.0344415903091422 73.474621690809727 10.383229427039621 74.107273437082767 535.00310990214348 2.3510302305221558
leaf_count=132 21 26 139 43 195 1383 6
internal_value=0.00326015 0.016369 0.0225436 0.00157715 0.0135259 -0.00150373 -0.0516274
internal_weight=774.175 87.7464 80.5091 686.428 141.042 545.386 7.23731
internal_count=1945 192 165 1753 327 1426 27
is_linear=0
shrinkage=0.05


Tree=60
num_leaves=7
num_cat=0
split_feature=1 39 53 43 36 17
split_gain=6.85543 8.53426 12.7741 8.04973 17.8494 12.3972
threshold=18286.500000000004 1.4815322160720827 0.1471282169222832 1424.1099853515627 0.80945971608161937 9139.5000000000018
decision_type=2 2 2 2 2 2
left_child=1 2 -1 4 -2 -5
right_child=3 -3 -4 5 -6 -7
leaf_value=0.045430153665464858 0.0022458807962357857 0.089638998589299135 -0.080586318875821225 0.0066999615201659025 -0.030409977749110709 -0.069891077583558656
leaf_weight=7.0395669192075712 182.8526549488306 5.0542865395545951 2.8038136810064316 516.28705232590437 54.180412173271179 5.3276495710015288
leaf_count=15 472 5 12 1249 165 27
internal_value=0.00309834 0.0367118 0.00902734 0.00243168 -0.00519742 0.00590809
internal_weight=773.545 14.8977 9.84338 758.648 237.033 521.615
internal_count=1945 32 27 1913 637 1276
is_linear=0
shrinkage=0.05


Tree=61
num_leaves=7
num_cat=0
split_feature=24 48 41 56 59 54
split_gain=6.85011 13.4122 22.5991 8.89415 8.6246 5.38921
threshold=107.50000000000001 2.3622117042541508 0.6375243365764619 21.305197715759281 14363.216796875002 -0.29969994723796839
decision_type=2 2 2 2 2 2
left_child=1 3 -3 -1 -2 -6
right_child=4 2 -4 -5 5 -7
leaf_value=0.018132349400438355 -0.029099488353557652 -0.083235790899852918 0.013002201983035309 0.0013454454662369625 0.0060364071533238386 0.073261292101235914
leaf_weight=90.148518547415733 4.1913662552833584 11.98792800307274 12.266951009631155 640.51566442102194 4.5711209923028955 9.591895848512646
leaf_count=202 15 53 30 1619 12 14
internal_value=0.00294385 0.00220296 -0.0343571 0.00342344 0.0331442 0.0519175
internal_weight=773.273 754.919 24.2549 730.664 18.3544 14.163
internal_count=1945 1904 83 1821 41 26
is_linear=0
shrinkage=0.05


Tree=62
num_leaves=5
num_cat=0
split_feature=5 55 27 57
split_gain=6.78067 6.87238 8.92139 3.45493
threshold=96318.097656250015 5.3945941925048837 -32275.999999999996 94.935901641845717
decision_type=2 2 2 2
left_child=1 2 -1 -3
right_child=-2 3 -4 -5
leaf_value=0.0057735110433291053 -0.061631020852143087 0.056417261744832907 -0.0064218816708495738 0.01126499449173473
leaf_weight=544.71103943884373 4.0547577217221251 8.7725176811218279 206.62201368808746 8.839306712150572
leaf_count=1343 28 11 544 19
internal_value=0.00279766 0.0031439 0.00241304 0.0340394
internal_weight=773 768.945 751.333 17.6118
internal_count=1945 1917 1887 30
is_linear=0
shrinkage=0.05


Tree=63
num_leaves=8
num_cat=0
split_feature=56 54 0 56 53 49 37
split_gain=6.44696 25.0697 18.1922 14.6443 23.9704 18.9174 14.2775
threshold=52.097467422485359 0.76021286845207225 186864.50000000003 30.709811210632328 -1.0697290301322935 -0.60360363125801075 -1.7030175328254697
decision_type=2 2 2 2 2 2 2
left_child=3 6 -3 5 -5 -1 -2
right_child=1 2 -4 4 -6 -7 -8
leaf_value=0.030121351167622198 0.043329989557279541 0.0028349166838293298 -0.052477250772764765 -0.049488995680493163 -0.0034119107883195119 -0.0034573302069513751 0.0032175216976169313
leaf_weight=65.802685931324959 63.024687863886356 261.24968043714762 15.761437080800532 33.419603541493416 183.68858544528484 115.09751160442829 34.665978282690048
leaf_count=132 109 633 63 124 492 307 85
internal_value=0.0026587 0.00736826 -0.000294197 -0.00176252 -0.0105276 0.00872932 0.0291471
internal_weight=772.71 374.702 277.011 398.008 217.108 180.9 97.6907
internal_count=1945 890 696 1055 616 439 194
is_linear=0
shrinkage=0.05


Tree=64
num_leaves=8
num_cat=0
split_feature=24 24 2 57 27 39 57
split_gain=6.46166 29.3296 20.5529 13.3322 11.1041 23.8235 23.4975
threshold=33.500000000000007 26.500000000000004 1562797.5000000002 89.999946594238295 -167887.99999999997 -0.39687392115592951 27.272769927978519
decision_type=2 2 2 2 2 2 2
left_child=1 3 -3 -1 6 -6 -2
right_child=4 2 -4 -5 5 -7 -8
leaf_value=0.00045786469984269719 -0.011848073106115147 -0.05212352787504454 0.048615454076896734 0.023539211879287723 -0.057797902997765577 0.012639866921051816 0.047438939559167274
leaf_weight=509.57334595918655 26.040408566594124 38.562898673117161 5.7775602787733069 71.400177374482155 15.031739607453344 59.525808103382587 46.083889819681644
leaf_count=1290 79 140 9 146 55 144 82
internal_value=0.00252735 0.00030363 -0.0388845 0.00330311 0.0119731 -0.00149421 0.0259641
internal_weight=771.996 625.314 44.3405 580.974 146.682 74.5575 72.1243
internal_count=1945 1585 149 1436 360 199 161
is_linear=0
shrinkage=0.05


Tree=65
num_leaves=5
num_cat=0
split_feature=5 43 33 58
split_gain=6.30105 6.92049 8.80249 7.79208
threshold=96318.097656250015 358407.60937500006 -0.72254729270935047 127765.35546875001
decision_type=2 2 2 2
left_child=1 3 -3 -1
right_child=-2 2 -4 -5
leaf_value=0.0012671866908017184 -0.060910630439741577 -0.022978853612290712 0.049254859852424906 0.0428949123975342
leaf_weight=734.27577941119671 3.9030946791172019 5.5928622037172344 16.221146211028099 11.427742019295691
leaf_count=1858 28 16 23 20
internal_value=0.00240254 0.00273102 0.0305058 0.00191183
internal_weight=771.421 767.518 21.814 745.704
internal_count=1945 1917 39 1878
is_linear=0
shrinkage=0.05


Tree=66
num_leaves=7
num_cat=0
split_feature=10 25 35 5 40 3
split_gain=6.24615 31.6407 18.4752 10.2799 20.6855 14.2871
threshold=-0.00014150000060908494 129.50000000000003 -2.4526567459106441 593.47998046875011 -0.71489500999450672 -34502.999999999993
decision_type=2 2 2 2 2 2
left_child=1 2 -1 4 -2 -5
right_child=3 -3 -4 5 -6 -7
leaf_value=-0.079402556106036803 0.036346839180649737 -0.083528861180879849 0.0018799436285814174 0.010206793772009788 0.0041507994322956274 -0.036190127321986724
leaf_weight=7.1194456517696372 63.372006088495255 11.559318125247954 385.39494952559471 36.587241291999817 236.82669591903687 30.194361999630928
leaf_count=34 117 49 976 86 585 98
internal_value=0.00228359 -0.00199547 0.000392899 0.0070088 0.010964 -0.0106961
internal_weight=771.054 404.074 392.514 366.98 300.199 66.7816
internal_count=1945 1059 1010 886 702 184
is_linear=0
shrinkage=0.05


Tree=67
num_leaves=8
num_cat=0
split_feature=46 36 46 26 43 42 46
split_gain=6.00289 20.6881 11.8737 10.3289 10.1461 9.99663 3.62314
threshold=-0.83089107275009144 -1.0928204655647276 -0.9441060721874236 0.22928567975759509 64303.769531250007 -0.00014150000060908494 1.4811299443244936
decision_type=2 2 2 2 2 2 2
left_child=1 4 -3 5 -1 -2 -5
right_child=3 2 -4 6 -6 -7 -8
leaf_value=-0.065441543836530558 -0.0046580556818106604 0.0013355550794387102 0.043868738354522638 -0.089931098297900663 0.010286830921895772 0.0074997066947653044 -0.012597017003766317
leaf_weight=10.353265203535559 349.59339267387986 27.522339269518852 41.560915485024452 4.1674057990312567 7.5463065505027762 327.13383769989014 2.637969434261322
leaf_count=42 941 65 67 17 18 788 7
internal_value=0.00217004 0.014544 0.0269962 0.000588081 -0.0332358 0.00121169 -0.0606888
internal_weight=770.515 86.9828 69.0833 683.533 17.8996 676.727 6.80538
internal_count=1945 192 132 1753 60 1729 24
is_linear=0
shrinkage=0.05


Tree=68
num_leaves=8
num_cat=0
split_feature=28 35 7 3 38 27 28
split_gain=6.11788 14.2437 28.3701 14.165 11.6408 17.7049 15.1543
threshold=-654.78124999999989 -1.7870509028434751 3.7072997093200688 -32094.499999999996 -0.93165519833564747 -72799.999999999985 -565.87499999999989
decision_type=2 2 2 2 2 2 2
left_child=1 2 -1 -3 5 -2 -6
right_child=4 3 -4 -5 6 -7 -8
leaf_value=-0.031202276489157584 -0.021884942568604796 0.03890758349422295 0.042582949156260673 0.0038962489665474729 -0.062602178419261301 0.012816760486153683 0.0054932382496995216
leaf_weight=43.60543804615736 120.41538012772799 55.106330953538418 18.543688967823982 61.4664366543293 8.3272197693586332 52.711075887084007 409.87980379164219
leaf_count=143 370 96 31 146 31 125 1003
internal_value=0.0020624 0.01017 -0.00910623 0.0204897 -0.000379537 -0.0112906 0.00412539
internal_weight=770.055 178.722 62.1491 116.573 591.333 173.126 418.207
internal_count=1945 416 174 242 1529 495 1034
is_linear=0
shrinkage=0.05


Tree=69
num_leaves=7
num_cat=0
split_feature=24 48 41 31 59 55
split_gain=6.07086 12.4055 20.2781 8.30361 7.64131 4.71053
threshold=107.50000000000001 2.3622117042541508 0.6375243365764619 0.20861136168241504 14363.216796875002 -0.65034830570220936
decision_type=2 2 2 2 2 2
left_child=1 3 -3 -1 -2 -6
right_child=4 2 -4 -5 5 -7
leaf_value=0.0054800785837622878 -0.028121858118249778 -0.081040936879971728 0.010766290496218875 -0.0069403158639735792 0.0052001828524530572 0.068224127120869685
leaf_weight=549.14764076471329 4.1869505196809795 11.753269933164121 12.149415865540503 177.96728799492121 4.5617396235466012 9.5363196954131091
leaf_count=1355 15 53 30 466 12 14
internal_value=0.00196167 0.00126166 -0.0341674 0.00243321 0.0304394 0.048186
internal_weight=769.303 751.018 23.9027 727.115 18.285 14.0981
internal_count=1945 1904 83 1821 41 26
is_linear=0
shrinkage=0.05


Tree=70
num_leaves=7
num_cat=0
split_feature=1 39 33 7 38 50
split_gain=6.05386 7.55185 14.4601 7.27 14.2213 12.9634
threshold=18286.500000000004 1.4815322160720827 -0.82429301738739003 1.6641636490821841 1.4985122084617617 1.2705911397933962
decision_type=2 2 2 2 2 2
left_child=1 2 -1 4 -2 -5
right_child=3 -3 -4 5 -6 -7
leaf_value=-0.043012222162219206 -0.0012375145643268258 0.083555861141445129 0.080074457693995085 -0.032248006889664484 -0.037572077311411364 0.0064518598761202127
leaf_weight=5.7492134049534789 219.87633541226387 5.0117545723915091 4.0641924440860739 22.624170079827309 30.744963943958282 480.96271192282438
leaf_count=22 608 5 5 84 106 1115
internal_value=0.00186361 0.0335182 0.00745425 0.00123476 -0.00571481 0.0047033
internal_weight=769.033 14.8252 9.81341 754.208 250.621 503.587
internal_count=1945 32 27 1913 714 1199
is_linear=0
shrinkage=0.05


Tree=71
num_leaves=6
num_cat=0
split_feature=55 55 27 28 49
split_gain=5.87888 8.17624 17.423 9.23441 3.38591
threshold=5.3945941925048837 3.9310828447341923 -411039.99999999994 1504.1875000000002 -0.36105084419250483
decision_type=2 2 2 2 2
left_child=1 3 -3 -1 -2
right_child=4 2 -4 -5 -6
leaf_value=0.001026292584220341 0 0.080903947000114107 -0.031262441408238598 0.026998002359284304 0.046070471083699133
leaf_weight=674.19097051024437 5.8174167573452022 3.8001214265823355 36.932995490729809 36.094391979277134 11.621776312589644
leaf_count=1715 14 4 120 75 17
internal_value=0.0017708 0.00109747 -0.0206753 0.00235313 0.0304807
internal_weight=768.458 751.018 40.7331 710.285 17.4392
internal_count=1945 1914 124 1790 31
is_linear=0
shrinkage=0.05


Tree=72
num_leaves=8
num_cat=0
split_feature=21 31 56 58 47 53 30
split_gain=5.91799 14.7957 20.6653 18.7692 9.29389 18.1139 13.4472
threshold=-21.499999999999996 -1.4064987301826475 30.709811210632328 20127.624023437504 0.64267632365226757 -1.2037930488586424 1.0182605981826784
decision_type=2 2 2 2 2 2 2
left_child=4 2 -2 -3 6 -6 -1
right_child=1 3 -4 -5 5 -7 -8
leaf_value=-0.075411699260037005 0.014173426462123374 0.038133897205599815 -0.045028123272093462 -0.031755719115220321 -0.041756739493125986 0.024639395552974928 0.0016877673703568005
leaf_weight=5.7124766409397116 22.53080578148365 27.546318158507347 42.056932359933853 14.684055283665655 11.512949690222738 92.058335468173027 552.05471344292164
leaf_count=27 53 53 149 46 38 180 1399
internal_value=0.00168352 -0.00922372 -0.0242988 0.013714 0.0034528 0.0172105 0.000889174
internal_weight=768.157 106.818 64.5877 42.2304 661.338 103.571 557.767
internal_count=1945 301 202 99 1644 218 1426
is_linear=0
shrinkage=0.05


Tree=73
num_leaves=8
num_cat=0
split_feature=24 24 58 49 20 47 58
split_gain=5.82431 26.0721 18.4279 11.8852 10.846 18.7637 11.7947
threshold=33.500000000000007 26.500000000000004 99149.066406250015 1.9872881770133974 5241.7351074218759 -0.34153303503990168 34300.748046875007
decision_type=2 2 2 2 2 2 2
left_child=1 3 -3 -1 6 -6 -2
right_child=4 2 -4 -5 5 -7 -8
leaf_value=0.0029031363871598677 -0.0071058286544291209 -0.048722361128087414 0.057689751795732686 -0.085643866896428333 0.01771651254681884 -0.0245366191822829 0.083161776314057981
leaf_weight=574.10271586105227 5.5629539787769309 39.326626308262348 4.4965450018644324 3.8118229806423178 93.835531286895275 36.429932698607445 9.8634618371725065
leaf_count=1420 16 142 7 16 213 120 11
internal_value=0.00159997 -0.000500922 -0.0376897 0.00231044 0.0105998 0.00586165 0.0502861
internal_weight=767.43 621.738 43.8232 577.915 145.692 130.265 15.4264
internal_count=1945 1585 149 1436 360 333 27
is_linear=0
shrinkage=0.05


Tree=74
num_leaves=6
num_cat=0
split_feature=1 57 9 26 38
split_gain=5.69593 7.55481 22.0722 13.6134 7.08439
threshold=18286.500000000004 82.940135955810561 42782088.000000007 0.17823219299316409 0.56620717048645031
decision_type=2 2 2 2 2
left_child=4 3 -3 -2 -1
right_child=1 2 -4 -5 -6
leaf_value=-0.0088612741001205114 -0.00080027216120696302 0.013392849793373155 -0.076913681865050793 -0.056743027544248238 0.061160040633420266
leaf_weight=5.974569257348775 560.86982856690884 173.17552554607391 7.028270721435546 11.096052601933478 8.7232408970594388
leaf_count=19 1453 388 33 39 13
internal_value=0.00152027 0.00091106 0.00984299 -0.0018943 0.0323566
internal_weight=766.867 752.17 180.204 571.966 14.6978
internal_count=1945 1913 421 1492 32
is_linear=0
shrinkage=0.05


Tree=75
num_leaves=7
num_cat=0
split_feature=7 2 26 39 41 31
split_gain=5.51495 13.7577 11.1812 8.8316 17.1351 13.7763
threshold=3.8328188657760625 97608.500000000015 0.010714279953390362 -1.1517980694770811 -1.0596988201141355 7.7285883426666269
decision_type=2 2 2 2 2 2
left_child=3 -2 -3 4 -1 -5
right_child=1 2 -4 5 -6 -7
leaf_value=-0.053710243273416551 -0.081305902647856323 -0.0062528777543498174 0.031781264161820519 -0.00053482036017416369 0.031416534349060492 -0.049635736256097032
leaf_weight=6.7892184257507315 3.6549427658319464 30.492116823792458 51.854698307812214 615.00887895002961 44.122008115053177 14.632478997111319
leaf_count=25 16 83 93 1589 90 49
internal_value=0.00144344 0.0133739 0.0176369 -5.68702e-05 0.0199663 -0.00168384
internal_weight=766.554 86.0018 82.3468 680.553 50.9112 629.641
internal_count=1945 192 176 1753 115 1638
is_linear=0
shrinkage=0.05


Tree=76
num_leaves=8
num_cat=0
split_feature=28 0 33 44 47 28 41
split_gain=5.50538 13.1094 17.5893 14.0112 11.1684 13.2994 11.4435
threshold=-654.78124999999989 92731.000000000015 -1.2300687432289121 1.0000000180025095e-35 0.67610913515090953 -600.99999999999989 -2.1424125432968135
decision_type=2 2 2 2 2 2 2
left_child=1 3 -3 -1 5 -2 -6
right_child=4 2 -4 -5 6 -7 -8
leaf_value=-0.0054872993237633652 -0.085623009154886437 -0.05876163459369789 0.0047408735823881174 0.031824150413556893 -0.05616250141958562 -0.0036056672869573371 0.015838396587201372
leaf_weight=37.460525423288345 5.0031069964170447 13.862142793834208 50.629165366292 75.35543318092823 5.7642077356576911 460.57851795852184 117.43050631135702
leaf_count=97 22 55 122 142 20 1228 259
internal_value=0.00137078 0.00909737 -0.0088312 0.0193906 -0.000947551 -0.00449776 0.0124289
internal_weight=766.084 177.307 64.4913 112.816 588.776 465.582 123.195
internal_count=1945 416 177 239 1529 1250 279
is_linear=0
shrinkage=0.05


Tree=77
num_leaves=8
num_cat=0
split_feature=24 24 2 47 60 39 31
split_gain=5.63414 23.3637 17.8902 9.77829 15.3058 9.5643 9.18812
threshold=33.500000000000007 26.500000000000004 1562797.5000000002 -1.482974052429199 -887763.78124999988 -1.1517980694770811 -11.304468154907225
decision_type=2 2 2 2 2 2 2
left_child=1 5 -3 6 -5 -1 -2
right_child=3 2 -4 4 -6 -7 -8
leaf_value=0.024221289940117099 0.07759881294099423 -0.048605042265266296 0.046070325773631161 0.0051196731457163816 -0.086005658056304057 2.5791788172967299e-05 0.018481235625943459
leaf_weight=44.275176703929901 7.7905373573303214 37.819521404802799 5.6947214901447287 87.056777715682983 4.865230754017829 532.39452074840665 45.437928132712841
leaf_count=95 9 140 9 228 21 1341 102
internal_value=0.00130247 -0.000765464 -0.0360999 0.0101725 0.000242215 0.00189213 0.0272276
internal_weight=765.334 620.184 43.5142 145.15 91.922 576.67 53.2285
internal_count=1945 1585 149 360 249 1436 111
is_linear=0
shrinkage=0.05


Tree=78
num_leaves=7
num_cat=0
split_feature=45 35 48 6 38 27
split_gain=5.56266 16.8895 14.4875 13.2175 12.3188 7.48872
threshold=-0.47011983394622797 -2.4526567459106441 -0.64542600512504567 -2088663231.9999998 -0.4468566477298736 -80671.999999999985
decision_type=2 2 2 2 2 2
left_child=3 5 -3 -1 -5 -2
right_child=1 2 -4 4 -6 -7
leaf_value=0.066655079358474562 -0.079249070512437153 -0.09048588402081742 0.00097279401024628681 -0.0082669339840703415 0.021490758953279579 0.020023402383505258
leaf_weight=9.619251534342764 9.6207059547305089 4.3610625416040412 599.88380197063088 72.413906566798687 66.667021945118904 2.273252621293067
leaf_count=13 46 18 1525 196 141 6
internal_value=0.00123855 -0.000848778 0.000304428 0.00992101 0.00596116 -0.0598551
internal_weight=764.839 616.139 604.245 148.7 139.081 11.894
internal_count=1945 1595 1543 350 337 52
is_linear=0
shrinkage=0.05


Tree=79
num_leaves=8
num_cat=0
split_feature=21 48 2 24 17 30 12
split_gain=5.42809 13.998 14.6139 8.88488 16.329 13.0575 6.99186
threshold=-21.499999999999996 -0.56246560811996449 498095.00000000006 2.5000000000000004 1.0000000180025095e-35 1.0182605981826784 6337408.0000000009
decision_type=2 2 2 2 2 2 2
left_child=3 6 -3 4 -1 -5 -2
right_child=1 2 -4 5 -6 -7 -8
leaf_value=0.025218928932366064 -0.084034048914242446 0.0056471588900772508 -0.04670934707301605 -0.073842767551755839 -0.087542629650457282 0.0016144212273192177 0.011300555481957486
leaf_weight=66.532452568411827 8.5598539784550649 79.239252429455519 16.006541937589645 5.7886306643486014 3.3561549186706534 582.62016647309065 2.3661612868309012
leaf_count=136 37 201 57 28 14 1466 6
internal_value=0.00117658 -0.0093034 -0.00309912 0.00287441 0.0197324 0.000863593 -0.0629306
internal_weight=764.469 106.172 95.2458 658.297 69.8886 588.409 10.926
internal_count=1945 301 258 1644 150 1494 43
is_linear=0
shrinkage=0.05


Tree=80
num_leaves=7
num_cat=0
split_feature=10 25 9 56 15 53
split_gain=5.42962 28.011 17.6712 11.7379 27.2257 17.5259
threshold=-0.00014150000060908494 129.50000000000003 9842695.5000000019 32.888742446899421 7.7342498302459726 -1.0697290301322935
decision_type=2 2 2 2 2 2
left_child=1 2 -1 4 -2 -5
right_child=3 -3 -4 5 -6 -7
leaf_value=0.022808643549523132 0.028077085261564314 -0.080569362499301855 -0.0054840067492335602 -0.053835514090565931 -0.091231032755424796 0.0033590719987264144
leaf_weight=66.57975347340107 84.346997424960136 11.280234456062315 322.33974343165755 14.119237586855887 5.0522019565105429 260.29187789559364
leaf_count=135 173 49 875 55 21 637
internal_value=0.00111721 -0.00289346 -0.000627686 0.00554279 0.0212787 0.000398026
internal_weight=764.01 400.2 388.919 363.81 89.3992 274.411
internal_count=1945 1059 1010 886 194 692
is_linear=0
shrinkage=0.05


Tree=81
num_leaves=7
num_cat=0
split_feature=24 48 41 40 55 48
split_gain=5.29877 10.9843 17.7487 9.9561 10.305 7.56568
threshold=107.50000000000001 2.3622117042541508 0.6375243365764619 1.3874569535255434 -0.65034830570220936 1.2388635873794558
decision_type=2 2 2 2 2 2
left_child=1 5 -3 4 -2 -1
right_child=3 2 -4 -5 -6 -7
leaf_value=0.00014575074863370637 -0.023914917465880776 -0.078145277357233534 0.0087706049339280629 -0.038775271109838527 0.073793706660849195 0.02092197134425574
leaf_weight=674.96499309688807 3.5601778924465188 11.36528141051531 11.967708379030226 4.2245457470417014 10.329415328800678 46.90010741353035
leaf_count=1716 12 53 30 15 14 105
internal_value=0.00106082 0.00040451 -0.033351 0.0277847 0.0483891 0.00150252
internal_weight=763.312 745.198 23.333 18.1141 13.8896 721.865
internal_count=1945 1904 83 41 26 1821
is_linear=0
shrinkage=0.05


Tree=82
num_leaves=8
num_cat=0
split_feature=28 15 50 10 38 4 28
split_gain=5.23989 12.7307 13.6343 11.4025 10.4661 16.9251 13.1052
threshold=-654.78124999999989 1.5827500224113467 1.8530469536781313 0.00014543999714078384 -0.93165519833564747 12786.549804687502 -565.87499999999989
decision_type=2 2 2 2 2 2 2
left_child=1 3 -3 -1 5 -2 -6
right_child=4 2 -4 -5 6 -7 -8
leaf_value=-0.040248679655979419 -0.0060074464000990108 0.0515974611244732 0.0078453706791836008 0.063851652899855546 -0.059600880368672428 -0.055695644997194052 0.0043060179261079782
leaf_weight=19.722909249365333 152.61083146929741 20.661933645606041 132.70101197808981 3.0029547661542884 8.1757578328251821 19.365966878831387 406.72319789975882
leaf_count=83 421 30 298 5 31 74 1003
internal_value=0.00100763 0.00857587 0.0137725 -0.026273 -0.00125465 -0.0116318 0.00303465
internal_weight=762.965 176.089 153.363 22.7259 586.876 171.977 414.899
internal_count=1945 416 328 88 1529 495 1034
is_linear=0
shrinkage=0.05


Tree=83
num_leaves=8
num_cat=0
split_feature=58 58 13 6 59 59 22
split_gain=5.30881 21.4488 23.5858 13.0414 15.1262 10.9636 6.15089
threshold=33035.287109375007 27039.496093750004 8605645.5000000019 -986145215.99999988 14840.973632812502 31173.492187500004 3316.4250488281255
decision_type=2 2 2 2 2 2 2
left_child=1 5 -3 4 -2 -1 -5
right_child=3 2 -4 6 -6 -7 -8
leaf_value=-1.1439729966888225e-05 0.06466111746941676 -0.086012013343982882 -0.011794467568870518 -0.0018386397281892253 -0.0037819582334592005 0.031440422205528513 0.039533084467057167
leaf_weight=484.06588480994105 8.5948761701583845 14.353410065174101 42.979217745363712 11.392035454511641 132.62787961214781 29.369730718433857 38.834375098347664
leaf_count=1233 13 56 122 29 365 59 68
internal_value=0.000957515 -0.00145177 -0.0304623 0.00816644 0.000348111 0.00177794 0.0300499
internal_weight=762.217 570.768 57.3326 191.449 141.223 513.436 50.2264
internal_count=1945 1470 178 475 378 1292 97
is_linear=0
shrinkage=0.05


Tree=84
num_leaves=7
num_cat=0
split_feature=45 5 0 30 48 8
split_gain=5.10292 17.1503 24.6775 22.0361 13.1567 12.9562
threshold=-0.47011983394622797 593.47998046875011 161716.50000000003 4.9620826244354257 -0.64542600512504567 1.4297999739646914
decision_type=2 2 2 2 2 2
left_child=1 2 -1 -3 -2 -6
right_child=4 3 -4 -5 5 -7
leaf_value=0.0065447569553647436 -0.086234337803214545 -0.055305815409984152 0.064217122323212306 0.032872983020342354 0.0056277627044730794 -0.0091890116265390797
leaf_weight=94.058352708816528 4.5047296434640876 19.892945319414142 23.188490495085716 10.930315136909483 358.82134894281626 250.51010883226991
leaf_count=224 19 75 31 20 883 693
internal_value=0.000909249 0.00924429 0.0179936 -0.0238743 -0.00109319 -0.000455547
internal_weight=761.906 148.07 117.247 30.8233 613.836 609.331
internal_count=1945 350 255 95 1595 1576
is_linear=0
shrinkage=0.05


Tree=85
num_leaves=8
num_cat=0
split_feature=8 8 41 57 38 54 28
split_gain=5.27657 16.834 13.9541 12.9625 14.9326 8.32495 6.51622
threshold=2.9481500387191777 2.6334499120712285 1.8533744215965273 32.048059463500984 -1.9596379399299619 0.76021286845207225 1225.9375000000002
decision_type=2 2 2 2 2 2 2
left_child=1 6 -3 4 -2 -5 -1
right_child=3 2 -4 5 -6 -7 -8
leaf_value=-0.00056380442105553982 0.031699062598651094 -0.094788223367627822 0.028162261884006969 0.054689158474767734 -0.093945829892606567 0.0064649567316247677 0.01782838102701614
leaf_weight=652.27640615776181 4.3964259773492813 8.2447716295719129 3.1277304589748374 18.342198446393013 5.0145457684993726 17.989741623401642 51.969830349087715
leaf_count=1693 8 34 6 27 21 41 115
internal_value=0.000864304 -0.00018116 -0.060534 0.0173292 -0.0347183 0.0309486 0.000786347
internal_weight=761.362 715.619 11.3725 45.7429 9.41097 36.3319 704.246
internal_count=1945 1848 40 97 29 68 1808
is_linear=0
shrinkage=0.05


Tree=86
num_leaves=8
num_cat=0
split_feature=43 27 3 48 44 40 38
split_gain=5.15544 13.1864 16.682 14.7897 10.7848 12.342 10.9376
threshold=24068.425781250004 -411039.99999999994 -187330.99999999997 1.5135009288787844 1.0000000180025095e-35 0.99379685521125805 -1.9596379399299619
decision_type=2 2 2 2 2 2 2
left_child=1 3 -3 -1 6 -6 -2
right_child=4 2 -4 -5 5 -7 -8
leaf_value=-0.042698391175388817 0.016698143409042653 0.046962729742236364 -0.0018911092148240207 0.038368683384282495 0.0016808935351162798 0.025684174471425538 -0.089549464024404835
leaf_weight=34.470742978155613 4.0470670610666275 18.249015644192696 410.98375955969095 6.659486547112464 208.49674279242754 72.310435265302658 5.788969933986662
leaf_count=129 9 31 1066 13 527 146 24
internal_value=0.000821745 -0.00240563 0.000174284 -0.0294511 0.00606198 0.00787977 -0.0453252
internal_weight=761.006 470.363 429.233 41.1302 290.643 280.807 9.83604
internal_count=1945 1239 1097 142 706 673 33
is_linear=0
shrinkage=0.05


Tree=87
num_leaves=8
num_cat=0
split_feature=10 1 59 26 49 37 39
split_gain=5.1354 6.56172 10.8431 6.25886 16.7234 7.03917 5.86034
threshold=0.0012751499889418485 18286.500000000004 7806.2927246093759 0.054285747930407531 0.756819248199463 -1.8473467826843259 1.4815322160720827
decision_type=2 2 2 2 2 2 2
left_child=1 6 -3 4 -2 -5 -1
right_child=3 2 -4 5 -6 -7 -8
leaf_value=0.0095777244210067131 -0.086871157400830332 -0.011128481505039962 0.0029528512177272571 -0.0019894318048612409 0.051220646086946979 0.071049337030401144 0.078037712088467076
leaf_weight=9.1395626813173276 3.8717200756073016 182.94911301136017 540.45933696627617 4.9709062576293936 5.0311137437820435 9.0960791409015638 4.9191260337829581
leaf_count=25 16 508 1360 13 7 11 5
internal_value=0.000781263 4.9309e-05 -0.000601389 0.0240636 -0.00827196 0.0448839 0.0338875
internal_weight=760.437 737.467 723.408 22.9698 8.90283 14.067 14.0587
internal_count=1945 1898 1868 47 23 24 30
is_linear=0
shrinkage=0.05


Tree=88
num_leaves=7
num_cat=0
split_feature=34 28 18 53 35 46
split_gain=5.10358 21.6125 15.0637 11.7695 16.9642 12.4902
threshold=0.75678342580795299 100.93750000000001 8328.0000000000018 1.3261880874633791 2.2016984224319462 0.98683851957321178
decision_type=2 2 2 2 2 2
left_child=3 -2 -3 4 -1 -5
right_child=1 2 -4 5 -6 -7
leaf_value=0.0011540621492143357 -0.087597439691497844 0.0036506566539013354 -0.042886730776314635 0.030679392049103124 -0.091599241652932095 -0.031563513445959999
leaf_weight=536.63029472157359 7.9816879779100409 121.37234855443239 20.277685567736626 59.60688827931881 4.9749930053949347 9.2433249503374082
leaf_count=1375 34 296 73 118 21 28
internal_value=0.000743099 -0.00752334 -0.00297603 0.00277752 0.000292832 0.0222505
internal_weight=760.087 149.632 141.65 610.456 541.605 68.8502
internal_count=1945 403 369 1542 1396 146
is_linear=0
shrinkage=0.05


Tree=89
num_leaves=7
num_cat=0
split_feature=24 3 48 41 31 3
split_gain=4.91857 9.70441 9.68999 15.9941 7.72369 3.77946
threshold=107.50000000000001 -20617.499999999996 2.3622117042541508 0.6375243365764619 0.20861136168241504 29482.500000000004
decision_type=2 2 2 2 2 2
left_child=2 -2 4 -4 -1 -3
right_child=1 5 3 -5 -6 -7
leaf_value=0.0040576539636311554 -0.03747027725824989 0.074216763372805805 -0.075468437021850687 0.0077814571227477567 -0.0079925750128448016 0.020083473827063363
leaf_weight=542.81098475307226 4.3805009275674847 6.8104410171508771 10.994881778955461 11.936726555228232 175.98890837281942 6.7355105429887772
leaf_count=1355 17 9 53 30 466 15
internal_value=0.000705101 0.0265854 7.28743e-05 -0.0319158 0.00110035 0.047669
internal_weight=759.658 17.9265 741.732 22.9316 718.8 13.546
internal_count=1945 41 1904 83 1821 24
is_linear=0
shrinkage=0.05


Tree=90
num_leaves=7
num_cat=0
split_feature=42 25 9 7 43 56
split_gain=4.92136 25.2335 15.7105 11.3267 21.2372 14.9064
threshold=-0.00014150000060908494 129.50000000000003 9842695.5000000019 3.3021273612976079 1087.019958496094 30.709811210632328
decision_type=2 2 2 2 2 2
left_child=1 2 -1 5 -5 -2
right_child=3 -3 -4 4 -6 -7
leaf_value=0.021138967023911021 0.022280231113334922 -0.077955900254960353 -0.0056174156396072202 -0.085014647939996815 0.033940554103302122 -0.0046842369570606708
leaf_weight=66.167719647288322 65.169766172766685 10.967300474643705 320.60573424771428 4.0189353227615348 52.682481929659843 239.71081213653088
leaf_count=135 144 49 875 17 94 631
internal_value=0.000669432 -0.00316091 -0.00102711 0.00489665 0.025421 0.00106315
internal_weight=759.323 397.741 386.773 361.582 56.7014 304.881
internal_count=1945 1059 1010 886 111 775
is_linear=0
shrinkage=0.05


Tree=91
num_leaves=7
num_cat=0
split_feature=55 55 1 57 44 57
split_gain=5.01871 7.67066 14.3159 7.68936 3.28888 6.29421
threshold=5.3945941925048837 3.9310828447341923 305775.50000000006 82.940135955810561 17877.394531250004 94.935901641845717
decision_type=2 2 2 2 2 2
left_child=1 3 -3 -1 5 -2
right_child=4 2 -4 -5 -6 -7
leaf_value=-0.0012416505325672899 0.047951402875182264 -0.082108139240227918 -0.0063978619149586361 0.012261407957544847 0.059334437184647287 -0.026235689688032422
leaf_weight=572.38695547729731 5.8626500666141528 7.797994762659072 32.280895479023457 129.13248346745968 5.5517361909151068 5.499310627579689
leaf_count=1496 8 35 89 294 7 16
internal_value=0.00063557 1.46089e-05 -0.0212533 0.0012368 0.0275666 0.011604
internal_weight=758.512 741.598 40.0789 701.519 16.9137 11.362
internal_count=1945 1914 124 1790 31 24
is_linear=0
shrinkage=0.05


Tree=92
num_leaves=8
num_cat=0
split_feature=46 36 49 35 24 24 20
split_gain=4.89211 17.9955 11.6405 9.07294 8.30911 17.5975 13.8595
threshold=-0.83089107275009144 -1.0928204655647276 -1.034197151660919 -1.4103043675422666 33.500000000000007 26.500000000000004 5241.7351074218759
decision_type=2 2 2 2 2 2 2
left_child=1 3 -3 -1 5 -2 -6
right_child=4 2 -4 -5 6 -7 -8
leaf_value=-0.058528071181501218 -0.00099438018276654691 -0.0098499988383230087 0.036438755735954634 0.018026205541425491 0.057365864214378885 -0.034523619340841354 0.0047324745571228248
leaf_weight=11.725924015045168 489.11934333667159 18.583528324961662 48.971244186162949 5.6508038938045493 13.911024838685988 42.574949271976948 127.56216052174568
leaf_count=47 1253 48 84 13 22 148 330
internal_value=0.000603432 0.0119151 0.0236312 -0.0333454 -0.000816304 -0.00368861 0.00994325
internal_weight=758.099 84.9315 67.5548 17.3767 673.167 531.694 141.473
internal_count=1945 192 132 60 1753 1401 352
is_linear=0
shrinkage=0.05


Tree=93
num_leaves=8
num_cat=0
split_feature=34 49 42 18 13 45 57
split_gain=4.78156 14.0709 22.7364 19.6474 8.70576 16.5525 8.59869
threshold=0.59007018804550182 0.34020070731639868 -0.0010095000034198163 8328.0000000000018 24407688.000000004 -0.31712223589420313 49.98633003234864
decision_type=2 2 2 2 2 2 2
left_child=4 2 -2 -3 6 -6 -1
right_child=1 3 -4 -5 5 -7 -8
leaf_value=-0.0049131335103078334 0.044427007217154077 0.029315520444878587 -0.023887897916159393 -0.036155012682283605 0.058081189682385237 -0.0043717354152436006 0.0078303769847476445
leaf_weight=280.87919798865914 13.668138474225996 46.25334619730711 108.96119876950979 15.17925503104925 19.768476992845535 22.606454782187939 250.12069915235043
leaf_count=752 24 92 328 52 35 73 589
internal_value=0.00057352 -0.00642982 -0.0162328 0.0130572 0.00283042 0.0246454 0.00108012
internal_weight=757.437 184.062 122.629 61.4326 573.375 42.3749 531
internal_count=1945 496 352 144 1449 108 1341
is_linear=0
shrinkage=0.05


Tree=94
num_leaves=7
num_cat=0
split_feature=43 33 43 20 43 46
split_gain=4.82257 11.1198 6.45017 16.7636 9.91893 4.23576
threshold=358407.60937500006 -0.79533424973487843 100699.46093750001 588.97500610351574 76669.003906250015 0.81876978278160106
decision_type=2 2 2 2 2 2
left_child=2 -2 4 -4 -1 -3
right_child=1 5 3 -5 -6 -7
leaf_value=-0.00024790825632523504 -0.043810383799210303 0.012868032853150142 0.022117981842916273 -0.03093197857932228 0.024216171022887457 0.064316029597724741
leaf_weight=621.23120055347681 4.6978701800107983 7.2458745688200024 21.39859826117754 48.412514887750149 44.367476314306259 9.7762394249439222
leaf_count=1607 17 16 44 158 92 11
internal_value=0.000544681 0.0237658 -0.000134346 -0.0145994 0.00137531 0.0427097
internal_weight=757.13 21.72 735.41 69.8111 665.599 17.0221
internal_count=1945 44 1901 202 1699 27
is_linear=0
shrinkage=0.05


Tree=95
num_leaves=7
num_cat=0
split_feature=56 56 38 11 47 53
split_gain=4.8314 18.6741 20.7976 18.3215 13.4015 9.03408
threshold=21.305197715759281 24.999990463256839 -2.4578505754470821 34.655000686645515 -1.0304937362670896 -1.2611759901046751
decision_type=2 2 2 2 2 2
left_child=3 2 -2 4 -1 -3
right_child=1 5 -4 -5 -6 -7
leaf_value=0.051840231375708291 0.010160920148816643 -0.021526743308047047 -0.086671178447022545 -0.081008923939073052 0.005565269926582999 0.0022038582634997003
leaf_weight=20.784415408968925 9.4939338266849536 42.96212362498045 13.053275436162947 5.0492455214262 64.594055518507957 600.75107581168413
leaf_count=32 22 141 57 23 159 1511
internal_value=0.000518283 -0.000946687 -0.0456764 0.0113673 0.0168889 0.000612285
internal_weight=756.688 666.26 22.5472 90.4277 85.3785 643.713
internal_count=1945 1731 79 214 191 1652
is_linear=0
shrinkage=0.05


Tree=96
num_leaves=8
num_cat=0
split_feature=47 47 27 13 31 37 46
split_gain=4.85635 12.7358 20.1096 15.8525 11.1696 13.8275 11.4113
threshold=0.64267632365226757 0.5697593390941621 -204315.99999999997 28609974.000000004 -5.2041852474212638 -2.1696014404296871 -0.40718387067317957
decision_type=2 2 2 2 2 2 2
left_child=1 3 -3 -1 5 -2 -6
right_child=4 2 -4 -5 6 -7 -8
leaf_value=0.0015731849485063978 -0.057642747402244787 0.0055849624543840154 -0.066342298596566582 -0.057158000937943036 0.020841075387037711 0.0037822890023123377 -0.037114164422905785
leaf_weight=541.25166297703981 12.477805212140082 19.813012152910233 18.853445485234261 11.737688709050415 108.77566071227193 34.008156143128872 9.1557935178279859
leaf_count=1381 47 49 72 53 225 85 33
internal_value=0.00049205 -0.00161334 -0.0293569 0.000317522 0.00809869 -0.0125979 0.0162992
internal_weight=756.073 591.656 38.6665 552.989 164.417 46.486 117.931
internal_count=1945 1555 121 1434 390 132 258
is_linear=0
shrinkage=0.05


Tree=97
num_leaves=6
num_cat=0
split_feature=26 2 50 35 18
split_gain=4.71238 7.74371 7.35329 6.10643 0.704276
threshold=0.22928567975759509 1286455.5000000002 14.372077465057375 1.8874463438987734 313.00000000000006
decision_type=2 2 2 2 2
left_child=2 -2 3 -1 -4
right_child=1 -3 4 -5 -6
leaf_value=0.0016318994829910508 -0.085590048357442841 0.013504971568877722 0.05642405470922815 -0.014737476342018741 0.028731234209457251
leaf_weight=673.50490991398692 4.1041835397481909 3.6508133411407471 4.6349077522754651 62.225986450910568 7.1696161925792694
leaf_count=1726 17 8 6 174 14
internal_value=0.00046681 -0.0382944 0.000875611 0.000240629 0.0400281
internal_weight=755.29 7.755 747.535 735.731 11.8045
internal_count=1945 25 1920 1900 20
is_linear=0
shrinkage=0.05


Tree=98
num_leaves=7
num_cat=0
split_feature=55 35 34 35 44 57
split_gain=4.71229 7.25714 18.0549 16.9187 2.9304 5.61752
threshold=5.3945941925048837 1.8874463438987734 -0.92453846335411061 1.6377556324005129 17877.394531250004 94.935901641845717
decision_type=2 2 2 2 2 2
left_child=1 3 -3 -1 5 -2
right_child=4 2 -4 -5 -6 -7
leaf_value=-0.00077558869829109879 0.046473214365517525 0.037971091632347444 -0.031560130424637754 0.031287519067748189 0.057243603198929349 -0.023852604675582728
leaf_weight=637.31975817680359 5.7600936442613619 11.690535478293894 45.492472894489765 43.967851482331753 5.4046564102172843 5.5078485012054443
leaf_count=1662 8 22 143 87 7 16
internal_value=0.000443885 -0.000142861 -0.0172577 0.00128631 0.0267322 0.0116537
internal_weight=755.143 738.471 57.183 681.288 16.6726 11.2679
internal_count=1945 1914 165 1749 31 24
is_linear=0
shrinkage=0.05


Tree=99
num_leaves=8
num_cat=0
split_feature=58 58 13 55 21 36 55
split_gain=4.65463 19.0626 20.8619 13.5423 15.8564 14.091 9.86536
threshold=33035.287109375007 27039.496093750004 8605645.5000000019 0.70140182971954357 -294.49999999999994 0.092119410634040846 -4.2793662548065177
decision_type=2 2 2 2 2 2 2
left_child=1 6 -3 5 -5 -2 -1
right_child=3 2 -4 4 -6 -7 -8
leaf_value=0.029514490932751214 0.0057694372275408764 -0.08176707228575382 -0.011670227617146872 -0.00073684605220032283 -0.072716773395190476 0.043543800832909201 -0.00048320537131560712
leaf_weight=29.053341723978519 74.857763092964888 14.232535362243651 42.690377026796341 68.456658326089382 8.6353909820318204 37.123447433114052 479.7523847296834
leaf_count=59 194 56 122 179 35 67 1233
internal_value=0.000422256 -0.00184061 -0.0292845 0.00721944 -0.00886447 0.0183369 0.00121987
internal_weight=754.802 565.729 56.9229 189.073 77.092 111.981 508.806
internal_count=1945 1470 178 475 214 261 1292
is_linear=0
shrinkage=0.05


end of trees

feature_importances:
liq_long_5=30
pull_ema50=29
cvd_delta=25
btc_cvd_mom=25
Long/Short_Ratio_(Account)=22
z_bid_trades=21
stoch_k=21
z_delta_qty=19
z_btc_20=18
Agg._Liq_Short=17
Ask_Trades=17
rsi=17
z_cvd_10=15
z_ask_trades=15
atr=14
z_ask_qty=14
z_cvd_4=13
vol_regime=13
Buy_Qty=12
Sell_Qty=12
macro_score=12
Agg._Funding_Rate=11
Delta_Qty=11
liq_long_5_mean=11
z_ls=10
pull_ema8=10
Price_Low=9
Ask_USD=9
Candle_Delta=8
Bid_Qty=8
z_btc_10=8
liq_short_5=8
btc_CVD=8
Net_Longs=7
z_btc_4=7
z_oi=7
z_bid_qty=7
pull_ema21=7
Candle=6
Agg._OI=6
liq_short_5_mean=6
Delta_USD=5
funding=5
ema_8=5
CVD=4
Whale_Ind=4
Price_High=4
RSI=3
Ask_Qty=3
Bid_Trades=3
total_qty=3
ema_slow=3
z_cvd_20=3
ema_50=3
Net_Shorts=2
Mid_Price=2
ema_21=2
Agg._Liq_Long=1
ema_fast=1

parameters:
[boosting: gbdt]
[objective: binary]
[metric: binary_logloss]
[tree_learner: serial]
[device_type: cpu]
[data_sample_strategy: bagging]
[data: ]
[valid: ]
[num_iterations: 100]
[learning_rate: 0.05]
[num_leaves: 31]
[num_threads: 1]
[seed: 42]
[deterministic: 0]
[force_col_wise: 0]
[force_row_wise: 0]
[histogram_pool_size: -1]
[max_depth: 3]
[min_data_in_leaf: 10]
[min_sum_hessian_in_leaf: 0.001]
[bagging_fraction: 0.8]
[pos_bagging_fraction: 1]
[neg_bagging_fraction: 1]
[bagging_freq: 0]
[bagging_seed: 400]
[bagging_by_query: 0]
[feature_fraction: 0.8]
[feature_fraction_bynode: 1]
[feature_fraction_seed: 30056]
[extra_trees: 0]
[extra_seed: 12879]
[early_stopping_round: 0]
[early_stopping_min_delta: 0]
[first_metric_only: 0]
[max_delta_step: 0]
[lambda_l1: 0.1]
[lambda_l2: 0]
[linear_lambda: 0]
[min_gain_to_split: 0]
[drop_rate: 0.1]
[max_drop: 50]
[skip_drop: 0.5]
[xgboost_dart_mode: 0]
[uniform_drop: 0]
[drop_seed: 17869]
[top_rate: 0.2]
[other_rate: 0.1]
[min_data_per_group: 100]
[max_cat_threshold: 32]
[cat_l2: 10]
[cat_smooth: 10]
[max_cat_to_onehot: 4]
[top_k: 20]
[monotone_constraints: ]
[monotone_constraints_method: basic]
[monotone_penalty: 0]
[feature_contri: ]
[forcedsplits_filename: ]
[refit_decay_rate: 0.9]
[cegb_tradeoff: 1]
[cegb_penalty_split: 0]
[cegb_penalty_feature_lazy: ]
[cegb_penalty_feature_coupled: ]
[path_smooth: 0]
[interaction_constraints: ]
[verbosity: -1]
[saved_feature_importance_type: 0]
[use_quantized_grad: 0]
[num_grad_quant_bins: 4]
[quant_train_renew_leaf: 0]
[stochastic_rounding: 1]
[linear_tree: 0]
[max_bin: 63]
[max_bin_by_feature: ]
[min_data_in_bin: 3]
[bin_construct_sample_cnt: 200000]
[data_random_seed: 175]
[is_enable_sparse: 1]
[enable_bundle: 1]
[use_missing: 1]
[zero_as_missing: 0]
[feature_pre_filter: 1]
[pre_partition: 0]
[two_round: 0]
[header: 0]
[label_column: ]
[weight_column: ]
[group_column: ]
[ignore_column: ]
[categorical_feature: ]
[forcedbins_filename: ]
[precise_float_parser: 0]
[parser_config_file: ]
[objective_seed: 16083]
[num_class: 1]
[is_unbalance: 0]
[scale_pos_weight: 4.84084]
[sigmoid: 1]
[boost_from_average: 1]
[reg_sqrt: 0]
[alpha: 0.9]
[fair_c: 1]
[poisson_max_delta_step: 0.7]
[tweedie_variance_power: 1.5]
[lambdarank_truncation_level: 30]
[lambdarank_norm: 1]
[label_gain: ]
[lambdarank_position_bias_regularization: 0]
[eval_at: ]
[multi_error_top_k: 1]
[auc_mu_weights: ]
[num_machines: 1]
[local_listen_port: 12400]
[time_out: 120]
[machine_list_filename: ]
[machines: ]
[gpu_platform_id: -1]
[gpu_device_id: -1]
[gpu_use_dp: 0]
[num_gpu: 1]

end of parameters

pandas_categorical:[]
