tree
version=v4
num_class=1
num_tree_per_iteration=1
label_index=0
max_feature_idx=60
objective=binary sigmoid:1
feature_names=Candle Buy_Qty Sell_Qty Candle_Delta Agg._Liq_Long Agg._Liq_Short CVD Long/Short_Ratio_(Account) Whale_Ind Agg._OI Agg._Funding_Rate RSI Net_Shorts Net_Longs Price_Low Price_High Mid_Price Bid_Qty Ask_Qty Bid_USD Ask_USD Delta_Qty Delta_USD Bid_Trades Ask_Trades total_qty atr cvd_delta btc_cvd_mom ema_fast ema_slow macro_score macro z_cvd_4 z_btc_4 z_cvd_10 z_btc_10 z_cvd_20 z_btc_20 vol_regime z_oi z_ls funding liq_long_5 liq_short_5 z_bid_qty z_ask_qty z_delta_qty z_bid_trades z_ask_trades ema_8 ema_21 ema_50 pull_ema8 pull_ema21 pull_ema50 rsi stoch_k liq_long_5_mean liq_short_5_mean btc_CVD
feature_infos=[234:196004] [4052:1716683] [2795:1803571] [-621231:300158] none none [-551762176:7781956] [0:6.8370399475097656] [0:1.7772959470748901] [0:12062016] [-0.013115869835019112:0.0060070399194955826] [0:85.8665771484375] [0:569608.25] [0:553929.75] [3.625:147.97500610351562] [3.6749999523162842:148.02499389648438] [3.6500000953674316:148] [0:257788] [0:278987] [0:2683764] [0:2746127.5] [-178329:131610] [-1803397.625:1658242.75] [0:8905] [0:6647] [0:477329] [0.012142726220190525:4.0792856216430664] [-3092000:812544] [-16829.4375:9491.6875] [3.5348143577575684:123.36845397949219] [3.5162248611450195:117.94942474365234] [-33.688941955566406:23.502273559570312] [-1:1] [-1.5:1.5] [-1.4998866319656372:1.4991294145584106] [-2.8146376609802246:2.7909212112426758] [-2.8082542419433594:2.8198540210723877] [-3.9360220432281494:4.0006656646728516] [-4.090031623840332:3.9168438911437988] [-2.5784733295440674:7.2266769409179688] [-6.3533663749694824:5.5094146728515625] [-6.8701767921447754:3.5194132328033447] [-0.013115869835019112:0.0060070399194955826] none none [-2.2759828567504883:2.8143272399902344] [-2.3932802677154541:2.8184435367584229] [-2.7966544628143311:2.8188714981079102] [-2.5295634269714355:2.8225078582763672] [-2.4946925640106201:2.8145966529846191] [3.6279621124267578:140.9346923828125] [3.5722427368164062:138.33938598632812] [3.5175883769989014:135.05274963378906] [-4.6959757804870605:4.8022198677062988] [-6.2615823745727539:7.6647467613220215] [-7.5934934616088867:9.5733718872070312] [0:100] [0:100] none none [-2646461.75:-373444.90625]
tree_sizes=964 971 880 989 976 971 982 879 977 972 877 880 960 980 880 981 778 854 979 971 871 980 876 978 871 775 885 880 882 775 775 979 887 953 953 989 889 874 883 986 993 780 884 887 785 952 885 881 879 985 679 958 997 884 989 989 781 979 972 877 888 887 992 789 979 987 676 974 883 889 986 889 990 678 993 978 893 882 991 885 891 779 877 898 786 883 984 986 987 980 990 784 877 982 991 887 996 988 989 780

Tree=0
num_leaves=8
num_cat=0
split_feature=34 22 30 57 22 34 18
split_gain=58.2414 38.3402 51.8482 32.3073 52.7002 32.0055 30.2708
threshold=-0.20358330756425855 1.0000000180025095e-35 9.3988265991210955 3.4820641279220585 -19051.150390624996 -1.4580752253532407 8860.0000000000018
decision_type=2 2 2 2 2 2 2
left_child=3 2 -2 4 -1 -5 -3
right_child=1 6 -4 5 -6 -7 -8
leaf_value=-1.2798133657581359 -1.4965891642664892 -1.3270652582955711 -1.3675878796780991 -1.3899537797017467 -1.4577371801057704 -1.3162062160370873 -1.3683682976301148
leaf_weight=6.7412027716636684 8.541914224624632 137.02587646245956 84.245163202285767 15.624915838241575 10.778587222099302 333.0765625834465 66.818313181400299
leaf_count=21 55 527 376 75 63 1226 299
internal_value=-1.33621 -1.35274 -1.37952 -1.32283 -1.38956 -1.3195 -1.34058
internal_weight=662.853 296.631 92.7871 366.221 17.5198 348.701 203.844
internal_count=2642 1257 431 1385 84 1301 826
is_linear=0
shrinkage=1


Tree=1
num_leaves=8
num_cat=0
split_feature=26 53 37 39 17 45 48
split_gain=31.369 32.5975 42.9199 26.8367 64.7756 25.5935 19.2592
threshold=0.84463897347450267 1.6902951002120974 1.9062546491622927 0.99197095632553112 59.000000000000007 2.0176291465759282 -0.74906089901924122
decision_type=2 2 2 2 2 2 2
left_child=1 5 -3 4 -2 -1 -5
right_child=3 2 -4 6 -6 -7 -8
leaf_value=0.09045551343730443 0.14025734725695468 -0.043466222707295561 0.076845597485050127 0.059598115022044568 -0.0622675442929983 0.043799942273198215 0.16642737715509581
leaf_weight=585.19077114760876 12.356592044234278 11.001545086503027 22.484396114945412 5.0851989090442649 5.7622252255678168 31.397786557674408 30.148905098438263
leaf_count=2181 36 64 89 21 35 140 76
internal_value=0.0885217 0.0854726 0.0371688 0.125578 0.0755735 0.0880878 0.151151
internal_weight=703.427 650.074 33.4859 53.3529 18.1188 616.589 35.2341
internal_count=2642 2474 153 168 71 2321 97
is_linear=0
shrinkage=0.05


Tree=2
num_leaves=7
num_cat=0
split_feature=34 30 54 34 23 9
split_gain=40.5826 29.1533 31.7244 30.2976 27.6836 30.8803
threshold=-0.20358330756425855 9.2590136528015154 -1.5863599777221677 1.0000000180025095e-35 2882.5000000000005 8877248.0000000019
decision_type=2 2 2 2 2 2
left_child=4 3 -3 -2 5 -1
right_child=1 2 -4 -5 -6 -7
leaf_value=0.088847481536247053 0.14166156738856925 0.017603650382063487 0.076028959943471697 -0.0066686250007630139 -0.062338662115136695 0.16578764800891135
leaf_weight=395.544658228755 4.0608831495046642 25.621968820691109 275.60812000930309 22.300092652440071 2.9095011800527564 13.650978818535803
leaf_count=1338 11 117 1014 115 17 30
internal_value=0.0798527 0.0666587 0.071076 0.0159918 0.0903287 0.0914265
internal_weight=739.696 327.591 301.23 26.361 412.105 409.196
internal_count=2642 1257 1131 126 1385 1368
is_linear=0
shrinkage=0.05


Tree=3
num_leaves=8
num_cat=0
split_feature=39 50 42 42 53 57 60
split_gain=24.7606 41.3832 34.9327 24.6423 30.9667 27.7306 22.3001
threshold=0.24557133018970492 8.876714229583742 0.00065710500348359357 -0.00046501000178977842 1.8757897019386294 19.755323410034183 -2534061.1249999995
decision_type=2 2 2 2 2 2 2
left_child=3 6 -3 5 -5 -1 -2
right_child=1 2 -4 4 -6 -7 -8
leaf_value=0.0031068082851657252 -0.063185888044729452 0.088227009739649781 0.035804107091844478 0.075887057875926603 -0.032714040972210749 0.058151650803244276 0.055702771854949734
leaf_weight=30.57088777422905 7.2436345368623725 375.22743721306324 35.08269077539444 215.30928371846676 6.7049003243446341 93.325544074177742 8.6547392755746824
leaf_count=138 43 1187 138 728 35 340 33
internal_value=0.0725828 0.0806898 0.0837569 0.0625793 0.0725847 0.0446099 0.00122009
internal_weight=772.119 426.209 410.31 345.911 222.014 123.896 15.8984
internal_count=2642 1401 1325 1241 763 478 76
is_linear=0
shrinkage=0.05


Tree=4
num_leaves=8
num_cat=0
split_feature=34 22 30 57 9 37 23
split_gain=31.2325 25.5606 38.4216 22.0041 57.3618 19.4874 19.1941
threshold=-0.20358330756425855 516.14498901367199 9.3988265991210955 15.350200653076174 966397.00000000012 -3.0982687473297115 57.500000000000007
decision_type=2 2 2 2 2 2 2
left_child=3 2 -2 4 -1 -5 -3
right_child=1 6 -4 5 -6 -7 -8
leaf_value=-0.04834975096498053 -0.062274367502597711 0.079847618934780928 0.044155877887517361 0.15260816452956183 0.06811380106506762 0.079475969573166702 0.051316811166659204
leaf_weight=11.778208136558531 9.2044638693332654 110.21171763539314 102.87608321011066 9.531004071235655 99.497148409485817 327.6500298678875 130.45329660177231
leaf_count=60 57 339 387 18 323 984 474
internal_value=0.0663771 0.0551927 0.0353708 0.0751633 0.0557415 0.081558 0.0644032
internal_weight=801.202 352.746 112.081 448.456 111.275 337.181 240.665
internal_count=2642 1257 444 1385 383 1002 813
is_linear=0
shrinkage=0.05


Tree=5
num_leaves=8
num_cat=0
split_feature=1 57 33 28 23 39 57
split_gain=20.4681 31.524 29.0391 18.064 34.254 19.2099 11.4589
threshold=17644.500000000004 36.324489593505866 -1.284972012042999 909.37500000000011 531.50000000000011 0.90396025776863109 10.22143602371216
decision_type=2 2 2 2 2 2 2
left_child=1 6 -3 5 -5 -2 -1
right_child=3 2 -4 4 -6 -7 -8
leaf_value=0.032284091489090047 0.058923725470386823 -0.038363592125228219 0.069798538506898822 0.053684981843458657 -0.045502513725808574 0.07599777654826978 -0.067126682540199364
leaf_weight=4.1880383342504492 432.37336984276772 7.34857253730297 38.11501133441925 53.645153805613518 10.335835337638853 272.05280373990536 9.0477888286113721
leaf_count=16 1402 35 117 180 53 792 47
internal_value=0.0610241 0.0323907 0.0522056 0.0632049 0.0375835 0.0655249 -0.0352937
internal_weight=827.107 58.6994 45.4636 768.407 63.981 704.426 13.2358
internal_count=2642 215 152 2427 233 2194 63
is_linear=0
shrinkage=0.05


Tree=6
num_leaves=8
num_cat=0
split_feature=34 24 27 48 39 1 26
split_gain=24.4168 37.5375 46.7021 23.6244 21.8998 19.5767 14.5333
threshold=0.46106496453285223 497.50000000000006 3584.0000000000005 -1.490038990974426 -1.0390605330467222 17644.500000000004 0.025678566657006744
decision_type=2 2 2 2 2 2 2
left_child=3 4 -3 6 -2 -5 -1
right_child=1 2 -4 5 -6 -7 -8
leaf_value=0.066791407828146104 -0.011860851580216698 -0.042182241790428836 0.04435603598642987 0.029007150704609654 0.060011520012511227 0.065064072193009956 -0.068369473938851608
leaf_weight=3.0569987893104535 11.262785345315931 25.726653560996056 39.482956200838089 40.853605434298515 153.34210830926895 571.17937025427818 5.6016171276569366
leaf_count=9 48 128 141 147 475 1666 28
internal_value=0.0563304 0.0423377 0.0101381 0.0615032 0.0550634 0.0626654 -0.0200723
internal_weight=850.506 229.815 65.2096 620.692 164.605 612.033 8.65862
internal_count=2642 792 269 1850 523 1813 37
is_linear=0
shrinkage=0.05


Tree=7
num_leaves=7
num_cat=0
split_feature=34 39 57 24 34 53
split_gain=21.2315 21.2183 18.9041 32.9446 19.9145 18.4505
threshold=-0.20358330756425855 -1.6493504643440244 3.4820641279220585 171.50000000000003 -1.4580752253532407 1.6902951002120974
decision_type=2 2 2 2 2 2
left_child=2 -2 3 -1 -4 -3
right_child=1 5 4 -5 -6 -7
leaf_value=-0.066898276755992012 -0.066999824725021806 0.047964698344948778 0.012580686653785277 0.059205494150780073 0.063455871837040809 0.0084615284004294841
leaf_weight=8.0281267613172549 4.2762150913476935 343.8875994682312 20.357405200600624 14.524552464485167 447.64598976075649 32.680279448628426
leaf_count=42 22 1106 75 42 1226 129
internal_value=0.052191 0.0432841 0.0590957 0.0140944 0.0612536 0.0445497
internal_weight=871.4 380.844 490.556 22.5527 468.003 376.568
internal_count=2642 1257 1385 84 1301 1235
is_linear=0
shrinkage=0.05


Tree=8
num_leaves=8
num_cat=0
split_feature=34 37 18 31 48 40 23
split_gain=18.3196 32.2051 35.466 25.4888 19.9308 16.6557 11.9895
threshold=0.46106496453285223 -1.4131760597229002 8203.0000000000018 -1.0602858066558836 -1.490038990974426 3.1180169582366948 92.500000000000014
decision_type=2 2 2 2 2 2 2
left_child=4 3 -3 -2 6 -6 -1
right_child=1 2 -4 -5 5 -7 -8
leaf_value=-0.068257173464555718 0.023424646290524532 0.069301320173991696 0.019813337309841 -0.052897800209038615 0.055019004108488284 -0.0032365637090005016 0.05128214372581491
leaf_weight=5.3927191793918592 72.059497386217117 94.430251285433769 59.255481526255608 12.868860423564909 630.35445088148117 12.347949489951132 3.3921332508325577
leaf_count=27 255 255 221 61 1767 46 10
internal_value=0.0485089 0.036588 0.0502531 0.0118009 0.0528673 0.053892 -0.0215298
internal_weight=890.101 238.614 153.686 84.9284 651.487 642.702 8.78485
internal_count=2642 792 476 316 1850 1813 37
is_linear=0
shrinkage=0.05


Tree=9
num_leaves=8
num_cat=0
split_feature=26 25 39 53 37 33 33
split_gain=16.5609 18.2233 33.5619 17.3759 29.9566 21.1019 15.5194
threshold=0.84463897347450267 418.00000000000006 1.8363689184188845 1.6902951002120974 1.9062546491622927 1.4247043728828432 -1.4096502065658567
decision_type=2 2 2 2 2 2 2
left_child=3 6 -3 5 -5 -1 -2
right_child=1 2 -4 4 -6 -7 -8
leaf_value=0.043449855887968084 -0.070478118195323375 -0.070479602574825218 0.069938382111935163 -0.051477989807145789 0.040320139585274917 0.092236876799821232 0.089880422344881722
leaf_weight=772.17729479074478 1.5220628082752217 6.0041321665048626 14.441200107336043 12.927773326635359 28.295516237616539 23.019101038575172 48.514547690749168
leaf_count=2269 7 29 33 64 89 52 99
internal_value=0.045203 0.0686 0.0284576 0.0432254 0.0114106 0.0448684 0.0849026
internal_weight=906.902 70.4819 20.4453 836.42 41.2233 795.196 50.0366
internal_count=2642 168 62 2474 153 2321 106
is_linear=0
shrinkage=0.05


Tree=10
num_leaves=7
num_cat=0
split_feature=34 38 22 57 38 8
split_gain=16.2396 21.7353 18.9882 16.3369 19.5521 15.8061
threshold=-0.20358330756425855 -1.6473282575607298 1148.4699707031252 23.082202911376957 -1.5106900334358213 0.8845166563987733
decision_type=2 2 2 2 2 2
left_child=3 -2 -3 4 -1 -5
right_child=1 2 -4 5 -6 -7
leaf_value=0.022405019951587293 -0.070558730436916656 0.020293910748955923 0.043618027843082476 0.052581624554938367 0.056023738030929415 0.11387687236242271
leaf_weight=108.83327259123325 4.8205428123474112 131.39248908311129 265.72749473154545 327.56944002211094 72.646479785442352 11.02151860296726
leaf_count=339 23 457 777 840 189 17
internal_value=0.0422169 0.0346241 0.0359135 0.0480753 0.0358902 0.0545916
internal_weight=922.011 401.941 397.12 520.071 181.48 338.591
internal_count=2642 1257 1234 1385 528 857
is_linear=0
shrinkage=0.05


Tree=11
num_leaves=7
num_cat=0
split_feature=39 2 51 20 42 60
split_gain=14.5065 35.3476 25.2342 24.5808 24.4309 16.7863
threshold=0.24557133018970492 231675.00000000003 8.893041133880617 30371.919921875004 0.00065710500348359357 -2534061.1249999995
decision_type=2 2 2 2 2 2
left_child=1 3 5 -1 -4 -2
right_child=2 -3 4 -5 -6 -7
leaf_value=0.012780651106965463 -0.067371339160206711 -0.072259104351546519 0.050556489424038654 0.041486943146088293 0.010583278150743581 0.029485569890455244
leaf_weight=98.963147982954979 7.9316987395286587 7.8668071627616873 458.9096002727747 309.60137565433979 42.049496755003929 10.188317969441412
leaf_count=322 42 37 1189 882 138 32
internal_value=0.0395107 0.0325162 0.0451124 0.0345459 0.0472112 -0.0126358
internal_weight=935.51 416.431 519.079 408.565 500.959 18.12
internal_count=2642 1241 1401 1204 1327 74
is_linear=0
shrinkage=0.05


Tree=12
num_leaves=8
num_cat=0
split_feature=26 9 21 48 25 39 23
split_gain=13.4047 16.6853 22.5828 20.5539 14.6831 29.2472 12.2521
threshold=0.84463897347450267 3194400.5000000005 8753.5000000000018 1.7163712382316592 418.00000000000006 1.8363689184188845 19.500000000000004
decision_type=2 2 2 2 2 2 2
left_child=1 3 -3 -1 6 -6 -2
right_child=4 2 -4 -5 5 -7 -8
leaf_value=0.031599998315874865 0.079909088901705949 0.04644044600116734 0.0041875109870327821 -0.011037614709223147 -0.070744146466159438 0.059358109792959801 0
leaf_weight=441.08760730922222 47.331485778093338 367.78349005430937 34.885033950209618 30.018961772322655 6.0244828760623959 15.103259980678557 5.4526981711387625
leaf_count=1261 88 983 121 109 29 33 18
internal_value=0.0370373 0.035293 0.0427923 0.0288725 0.0575907 0.0220234 0.0717324
internal_weight=947.687 873.775 402.669 471.107 73.9119 21.1277 52.7842
internal_count=2642 2474 1104 1370 168 62 106
is_linear=0
shrinkage=0.05


Tree=13
num_leaves=8
num_cat=0
split_feature=34 24 27 20 48 1 26
split_gain=14.258 27.364 37.2325 21.9302 16.3694 14.4265 11.8545
threshold=0.46106496453285223 497.50000000000006 3584.0000000000005 41699.945312500007 -1.490038990974426 17644.500000000004 0.025678566657006744
decision_type=2 2 2 2 2 2 2
left_child=4 3 -3 -2 6 -6 -1
right_child=1 2 -4 -5 5 -7 -8
leaf_value=0.046016085452948031 0.013916523822607023 -0.047017131560337634 0.026909514985592686 0.049086877408355538 0.012102460210408391 0.041286167425869394 -0.070723345697574533
leaf_weight=3.4086375087499601 75.141591131687164 27.673903934657574 44.271125808358192 109.75621089339256 45.84370756149292 646.6308905929327 5.8554411232471466
leaf_count=9 236 128 141 287 147 1666 28
internal_value=0.0347732 0.0246395 -0.00145713 0.0348209 0.0384751 0.0393613 -0.0272304
internal_weight=958.582 256.843 71.945 184.898 701.739 692.475 9.26408
internal_count=2642 792 269 523 1850 1813 37
is_linear=0
shrinkage=0.05


Tree=14
num_leaves=7
num_cat=0
split_feature=34 38 39 9 34 6
split_gain=12.8975 18.8764 17.5856 15.0383 17.0923 9.9102
threshold=-0.20358330756425855 -1.6473282575607298 -1.6493504643440244 8877248.0000000019 -1.4580752253532407 -487178191.99999994
decision_type=2 2 2 2 2 2
left_child=3 -2 -3 4 -1 -5
right_child=1 2 -4 5 -6 -7
leaf_value=-0.0049179455687785676 -0.071398517096147557 -0.070085017727656213 0.028334824058462244 0.026286846924655827 0.038150646619924046 0.10519974095533446
leaf_weight=23.92877484858036 4.8791233003139487 4.5603960007429114 412.72887630015612 5.9219563752412823 502.71845354139805 13.420927673578261
leaf_count=82 23 22 1212 16 1269 18
internal_value=0.0326966 0.0260953 0.0272472 0.0377917 0.0361843 0.0812985
internal_weight=968.159 422.168 417.289 545.99 526.647 19.3429
internal_count=2642 1257 1234 1385 1351 34
is_linear=0
shrinkage=0.05


Tree=15
num_leaves=8
num_cat=0
split_feature=34 24 45 23 48 48 26
split_gain=11.6976 24.079 34.8279 17.6639 14.3106 13.8709 10.8816
threshold=0.46106496453285223 497.50000000000006 0.57525479793548595 317.50000000000006 -1.490038990974426 -0.87910813093185414 0.025678566657006744
decision_type=2 2 2 2 2 2 2
left_child=4 3 -3 -2 6 -6 -1
right_child=1 2 -4 -5 5 -7 -8
leaf_value=0.04149417541769837 0.025392458462677559 -0.048274790047339783 0.023563547274692384 0.072666307531302834 0.050784467056456874 0.031777250628738679 -0.069913515800642506
leaf_weight=3.4798254370689374 165.89731158316135 26.649634130299091 45.942412436008453 22.61102195084095 115.99610675871372 590.51762875914574 5.7615019828081131
leaf_count=9 473 118 151 50 269 1544 28
internal_value=0.0307764 0.0216647 -0.00274051 0.0310893 0.0340932 0.034905 -0.0274219
internal_weight=976.855 261.1 72.592 188.508 715.755 706.514 9.24133
internal_count=2642 792 269 523 1850 1813 37
is_linear=0
shrinkage=0.05


Tree=16
num_leaves=6
num_cat=0
split_feature=60 39 2 6 40
split_gain=13.1149 12.5146 30.1617 21.5513 12.3553
threshold=-2604170.1249999995 0.24557133018970492 231675.00000000003 -549470719.99999988 -0.63357448577880848
decision_type=2 2 2 2 2
left_child=4 2 -2 -3 -1
right_child=1 3 -4 -5 -6
leaf_value=0.027398112820842108 0.025060371793493238 -0.06782272349002208 -0.073890824664300317 0.035700403331684262 -0.074668874814736927
leaf_weight=5.8832174390554428 424.35511295497417 5.0419649779796591 7.8188212662935248 535.6121441796422 5.8867291808128339
leaf_count=16 1185 26 36 1352 27
internal_value=0.0289997 0.0296367 0.0232586 0.0347257 -0.0232258
internal_weight=984.598 972.828 432.174 540.654 11.7699
internal_count=2642 2599 1221 1378 43
is_linear=0
shrinkage=0.05


Tree=17
num_leaves=7
num_cat=0
split_feature=60 9 2 34 23 21
split_gain=11.734 11.5178 23.6879 18.9718 10.0096 4.00309
threshold=-2604170.1249999995 3194400.5000000005 398340.50000000006 -0.77866399288177479 1929.0000000000002 633.50000000000011
decision_type=2 2 2 2 2 2
left_child=4 2 -2 -3 5 -1
right_child=1 3 -4 -5 -6 -7
leaf_value=-0.074839674389306901 0.024308405937664059 0.048344205720944042 -0.079227267456838016 0.026073174116457078 0.052434201164795038 0
leaf_weight=5.7213033288717252 560.96993842720985 152.74557369947433 5.5572094619274131 260.71051718294621 3.1908219754695883 2.7498340159654617
leaf_count=26 1508 340 24 727 8 9
internal_value=0.0273466 0.0279422 0.023284 0.034313 -0.0222738 -0.0510043
internal_weight=991.645 979.983 566.527 413.456 11.662 8.47114
internal_count=2642 2599 1532 1067 43 35
is_linear=0
shrinkage=0.05


Tree=18
num_leaves=8
num_cat=0
split_feature=26 40 1 48 39 45 31
split_gain=11.4668 14.1641 23.4231 13.7368 12.898 33.3374 21.0563
threshold=0.84463897347450267 1.7660155296325686 61766.500000000007 1.8652427196502688 0.99197095632553112 -0.28101386129856104 -2.9265574216842647
decision_type=2 2 2 2 2 2 2
left_child=1 3 -3 -1 5 -2 -6
right_child=4 2 -4 -5 6 -7 -8
leaf_value=0.023182822251310145 0.051627072730003325 0.065191266695226721 0.022151579411726408 -0.0073010589497478646 -0.03982185443514083 -0.074064254160145046 0.069081830489451476
leaf_weight=749.54601810127497 18.221693485975269 53.042468786239624 79.555579140782356 38.614407896995544 4.8423965424299231 7.4061364829540244 46.863549515604973
leaf_count=2022 37 107 217 128 17 34 80
internal_value=0.0258059 0.0242407 0.0394062 0.021683 0.0443763 0.0151087 0.058786
internal_weight=998.092 920.758 132.598 788.16 77.3338 25.6278 51.7059
internal_count=2642 2474 324 2150 168 71 97
is_linear=0
shrinkage=0.05


Tree=19
num_leaves=8
num_cat=0
split_feature=9 9 57 60 36 36 38
split_gain=11.0684 18.671 17.6419 16.8104 15.9762 8.00969 5.5239
threshold=8877248.0000000019 8443077.0000000019 3.4820641279220585 -2502216.6249999995 -1.0804696083068845 0.33632865548133856 1.9543740153312685
decision_type=2 2 2 2 2 2 2
left_child=1 2 -1 4 -2 -5 -3
right_child=3 6 -4 5 -6 -7 -8
leaf_value=-0.01779071609532035 0.063023992631907555 -0.076754640042151087 0.025152184460073487 0.095792043450062134 -0.073030269923030175 0.031714415862345351 0.012989396092511249
leaf_weight=24.404381096363068 4.2331710159778595 5.963678762316702 939.06730160117149 15.861798018217089 4.3875322937965411 7.4317347556352606 2.2822077870368958
leaf_count=85 8 27 2455 20 21 19 7
internal_value=0.0243753 0.0234145 0.0240593 0.0534713 -0.00564123 0.0755629 -0.0513099
internal_weight=1003.63 971.718 963.472 31.9142 8.6207 23.2935 8.24589
internal_count=2642 2574 2540 68 29 39 34
is_linear=0
shrinkage=0.05


Tree=20
num_leaves=7
num_cat=0
split_feature=39 2 35 57 24 34
split_gain=10.7864 21.1293 19.1261 11.2229 27.6743 12.4106
threshold=-1.4036665558815 11665.500000000002 -1.4421172738075254 3.4820641279220585 183.50000000000003 -0.20358330756425855
decision_type=2 2 2 2 2 2
left_child=1 -1 -3 4 -2 -5
right_child=3 2 -4 5 -6 -7
leaf_value=0.11120842142079695 -0.073171253592879237 0.01386368698702645 -0.07755904127299712 0.029919429726436898 0.031802261343187595 0.01841376611470362
leaf_weight=3.230087578296664 10.132518380880358 13.25633400678635 9.9707213640212977 528.26806604862213 16.456108242273331 427.3681073486805
leaf_count=4 47 38 44 1260 41 1208
internal_value=0.0230365 -0.00832762 -0.0251663 0.0238865 -0.00801349 0.0247792
internal_weight=1008.68 26.4571 23.2271 982.225 26.5886 955.636
internal_count=2642 86 82 2556 88 2468
is_linear=0
shrinkage=0.05


Tree=21
num_leaves=8
num_cat=0
split_feature=1 54 40 34 0 34 57
split_gain=10.3149 24.3817 32.9467 11.1295 25.2968 12.9705 8.00273
threshold=17644.500000000004 0.99257540702819835 1.3921082615852358 -1.4580752253532407 122924.00000000001 0.46106496453285223 82.860202789306655
decision_type=2 2 2 2 2 2 2
left_child=1 2 -1 4 -2 -5 -3
right_child=3 6 -4 5 -6 -7 -8
leaf_value=-0.03387253263833781 -0.061393417016456731 0.012466987423636271 0.060837903498330161 0.027740173581256092 0.037091845715246874 0.014334001676520193 0.083779645674255651
leaf_weight=42.019504219293594 12.249939098954203 6.7090763002634075 11.726092174649237 666.31233109533787 13.897993817925451 249.94159258902073 10.176677927374838
leaf_count=154 50 19 24 1618 33 726 18
internal_value=0.0217871 0.00327509 -0.0131158 0.0231692 -0.0088559 0.0240886 0.0557417
internal_weight=1013.03 70.6314 53.7456 942.402 26.1479 916.254 16.8858
internal_count=2642 215 178 2427 83 2344 37
is_linear=0
shrinkage=0.05


Tree=22
num_leaves=7
num_cat=0
split_feature=60 37 57 34 23 51
split_gain=10.2126 10.9233 13.0013 10.5456 8.81092 3.65062
threshold=-2604170.1249999995 -3.0982687473297115 15.350200653076174 -1.4580752253532407 1929.0000000000002 9.0969395637512225
decision_type=2 2 2 2 2 2
left_child=4 2 -2 -3 5 -1
right_child=1 3 -4 -5 -6 -7
leaf_value=-0.0037460720136541815 -0.010114891013548965 -0.011859172986816317 0.078567186958760082 0.021209324530518592 0.043038931505083408 -0.075296533143156527
leaf_weight=2.8045330941677076 5.4017367660999325 24.535014033317566 16.36383630335331 958.75620286166668 3.3170340657234183 5.7446829825639725
leaf_count=9 16 80 26 2477 8 26
internal_value=0.0206155 0.0211626 0.0563285 0.0203791 -0.025307 -0.0524096
internal_weight=1016.92 1005.06 21.7656 983.291 11.8663 8.54922
internal_count=2642 2599 42 2557 43 35
is_linear=0
shrinkage=0.05


Tree=23
num_leaves=8
num_cat=0
split_feature=26 53 37 33 25 39 33
split_gain=10.2338 13.2972 23.347 16.5051 12.1534 22.6355 11.6401
threshold=0.84463897347450267 1.6902951002120974 1.9062546491622927 1.4247043728828432 418.00000000000006 1.8363689184188845 -1.4096502065658567
decision_type=2 2 2 2 2 2 2
left_child=1 3 -3 -1 6 -6 -2
right_child=4 2 -4 -5 5 -7 -8
leaf_value=0.018224889867935357 -0.079812179071863582 -0.060446685539610405 0.015773283336096396 0.058530587265192863 -0.07445203488244094 0.037249802913732401 0.053397687267656202
leaf_weight=869.14442840218544 1.6612943410873402 14.570225626230238 32.22185018658638 26.290910109877586 6.3116987198591259 16.058140620589256 54.419435515999794
leaf_count=2269 7 64 89 52 29 33 99
internal_value=0.0195095 0.0180545 -0.00785341 0.0194139 0.0369216 0.00550937 0.0493624
internal_weight=1020.68 942.227 46.7921 895.435 78.4506 22.3698 56.0807
internal_count=2642 2474 153 2321 168 62 106
is_linear=0
shrinkage=0.05


Tree=24
num_leaves=7
num_cat=0
split_feature=9 26 9 57 19 38
split_gain=9.8983 23.3759 16.3329 13.9148 8.5088 5.08786
threshold=8877248.0000000019 0.036499977111816413 8443077.0000000019 3.4820641279220585 377453.09375000006 1.9543740153312685
decision_type=2 2 2 2 2 2
left_child=2 -2 3 -1 -3 -4
right_child=1 4 5 -5 -6 -7
leaf_value=-0.018977310153212627 -0.077488441707448147 0.077595561589171622 -0.07686635474737169 0.019125797665422179 0.016735600585475505 0.0084292524672612158
leaf_weight=24.443145260214806 3.4064658135175696 20.729304462671283 5.9428116828203184 958.54207158088684 8.2590958774089795 2.3346264362335205
leaf_count=85 15 30 27 2455 23 7
internal_value=0.0184775 0.0457715 0.0175805 0.0181732 0.0604284 -0.0522049
internal_weight=1023.66 32.3949 991.263 982.985 28.9884 8.27744
internal_count=2642 68 2574 2540 53 34
is_linear=0
shrinkage=0.05


Tree=25
num_leaves=6
num_cat=0
split_feature=41 26 25 9 19
split_gain=9.58771 12.0011 13.3025 13.2001 5.32273
threshold=-0.97707042098045338 0.84463897347450267 418.00000000000006 3194400.5000000005 377453.09375000006
decision_type=2 2 2 2 2
left_child=4 3 -3 -2 -1
right_child=1 2 -4 -5 -6
leaf_value=-0.077360887569264042 0.010856493347401847 0.050296155307099077 0.0041823527149332717 0.022752645048775402 0.017690526686331386
leaf_weight=4.1255028098821631 509.74344977736473 54.405203878879547 22.291683658957481 433.74453516304493 2.1745466440916061
leaf_count=19 1368 98 62 1088 7
internal_value=0.0175032 0.0178864 0.0369585 0.0163307 -0.043759
internal_weight=1026.48 1020.18 76.6969 943.488 6.30005
internal_count=2642 2616 160 2456 26
is_linear=0
shrinkage=0.05


Tree=26
num_leaves=7
num_cat=0
split_feature=39 2 20 10 6 45
split_gain=9.28888 26.3577 19.1782 17.9039 18.7016 17.2877
threshold=0.24557133018970492 231675.00000000003 30371.919921875004 0.00065710500348359357 -549470719.99999988 2.5914086103439335
decision_type=2 2 2 2 2 2
left_child=1 2 -1 4 -2 -5
right_child=3 -3 -4 5 -6 -7
leaf_value=-0.0053941123831573292 -0.069912166989532384 -0.07713886700896283 0.018706943219750249 -0.017363202830320567 0.024459716018707035 0.10117265944941954
leaf_weight=108.38771097362041 5.2764589339494696 8.2630328088998777 342.27846442162991 43.130679875612259 518.4109266102314 3.3048337548971167
leaf_count=322 26 37 882 135 1236 4
internal_value=0.0165858 0.0112674 0.0128994 0.0208583 0.0234993 -0.00881928
internal_weight=1029.05 458.929 450.666 570.123 523.687 46.4355
internal_count=2642 1241 1204 1401 1262 139
is_linear=0
shrinkage=0.05


Tree=27
num_leaves=7
num_cat=0
split_feature=23 57 9 57 48 1
split_gain=9.57631 25.642 19.8308 17.0323 16.4539 16.1541
threshold=57.500000000000007 3.4820641279220585 2596778.0000000005 10.22143602371216 0.73437336087226879 59472.500000000007
decision_type=2 2 2 2 2 2
left_child=1 -1 3 -2 -3 -4
right_child=2 4 5 -5 -6 -7
leaf_value=-0.072242332564448286 -0.082322940772069322 0.026036306317223507 0.024990409657625015 -0.0018025023682199538 -0.033711535316825379 0.0077864315855950749
leaf_weight=7.0222159326076499 7.0061551481485358 348.93765215575695 263.94743093848228 107.61535553634167 11.844378411769865 284.80540615320206
leaf_count=33 30 817 640 310 40 772
internal_value=0.0157213 0.0222087 0.0121169 -0.00676788 0.0240609 0.0160706
internal_weight=1031.18 367.804 663.374 114.622 360.782 548.753
internal_count=2642 890 1752 340 857 1412
is_linear=0
shrinkage=0.05


Tree=28
num_leaves=7
num_cat=0
split_feature=33 10 28 35 45 46
split_gain=9.14761 10.4803 10.1931 22.4441 11.6392 9.59902
threshold=1.4626554250717165 -0.00023783500364515928 427.81250000000006 -1.4003447890281675 1.6963738203048708 0.54656022787094127
decision_type=2 2 2 2 2 2
left_child=2 -2 4 -4 -1 -3
right_child=1 5 3 -5 -6 -7
leaf_value=0.018125202367725867 -0.026817583602013778 0.023679335814883868 -0.025015160368221552 0.01523756875269185 -0.0035971913812996416 0.10181435452261976
leaf_weight=785.20979955792427 3.6661998033523586 7.5280666202306774 50.243465438485146 111.26519609987736 66.512326344847679 8.7120304852724058
leaf_count=1940 12 19 168 298 195 10
internal_value=0.0149045 0.0485751 0.014238 0.00268445 0.016423 0.0659029
internal_weight=1033.14 19.9063 1013.23 161.509 851.722 16.2401
internal_count=2642 41 2601 466 2135 29
is_linear=0
shrinkage=0.05


Tree=29
num_leaves=6
num_cat=0
split_feature=60 40 37 9 34
split_gain=9.08193 9.93625 9.53423 11.5621 8.98774
threshold=-2604170.1249999995 -0.63357448577880848 -3.0982687473297115 2913194.0000000005 -1.4580752253532407
decision_type=2 2 2 2 2
left_child=1 -1 3 -2 -4
right_child=2 -3 4 -5 -6
leaf_value=0.015036226914812059 -0.032770352197414886 -0.075160078537586605 -0.015638346791466928 0.063552850926548499 0.014681050254753483
leaf_weight=6.1458745151758194 3.6777126938104656 5.9288560003042203 24.911302447319031 18.373234540224075 975.93293188512325
leaf_count=16 12 27 80 30 2477
internal_value=0.0141329 -0.0288373 0.014645 0.0472611 0.0139214
internal_weight=1034.97 12.0747 1022.9 22.0509 1000.84
internal_count=2642 43 2599 42 2557
is_linear=0
shrinkage=0.05


Tree=30
num_leaves=6
num_cat=0
split_feature=48 48 37 57 19
split_gain=8.97471 10.9419 19.4644 12.817 8.83834
threshold=-1.490038990974426 -0.9535292088985442 1.2763574123382571 34.482727050781257 12302.299804687502
decision_type=2 2 2 2 2
left_child=4 2 -2 -3 -1
right_child=1 3 -4 -5 -6
leaf_value=-0.07588374737753481 0.035722065807549622 0.0036888388469189879 -0.016960590964116312 0.016292761790495828 0.0093219134178281655
leaf_weight=5.5389728844165784 110.90105798840523 310.25340144336224 20.685536131262779 582.67238190770149 6.5585166960954666
leaf_count=25 238 842 63 1456 18
internal_value=0.0134037 0.0139126 0.0274023 0.011919 -0.0292772
internal_weight=1036.61 1024.51 131.587 892.926 12.0975
internal_count=2642 2599 301 2298 43
is_linear=0
shrinkage=0.05


Tree=31
num_leaves=8
num_cat=0
split_feature=1 54 40 57 45 55 57
split_gain=8.84272 21.2487 28.4984 10.0005 22.158 13.1163 6.90815
threshold=17644.500000000004 0.99257540702819835 1.3921082615852358 92.458007812500014 -0.5453742742538451 2.9831246137619023 82.860202789306655
decision_type=2 2 2 2 2 2 2
left_child=1 2 -1 5 -5 -2 -3
right_child=3 6 -4 4 -6 -7 -8
leaf_value=-0.038456092034732256 0.013396880669649586 0.0042212303403963954 0.048118975417993565 -0.040199455995125137 0.01492956168709258 0.03290262492719067 0.069230119352113581
leaf_weight=43.093873590230942 783.64036378264427 6.9261430948972729 12.153060063719748 26.623331949114799 57.711422845721245 97.350237585604191 10.605893135070799
leaf_count=154 1966 19 24 91 152 218 18
internal_value=0.0127144 -0.00403887 -0.0193211 0.0139826 -0.00241463 0.015558 0.0438331
internal_weight=1038.1 72.779 55.2469 965.325 84.3348 880.991 17.532
internal_count=2642 215 178 2427 243 2184 37
is_linear=0
shrinkage=0.05


Tree=32
num_leaves=7
num_cat=0
split_feature=34 38 17 3 38 3
split_gain=8.45276 15.2693 14.6964 14.2562 32.4133 14.3216
threshold=-0.20358330756425855 -1.6473282575607298 59.000000000000007 9780.0000000000018 -0.71847364306449879 -2864.4999999999995
decision_type=2 2 2 2 2 2
left_child=3 -2 -3 5 -5 -1
right_child=1 2 -4 4 -6 -7
leaf_value=0.013868428031354239 -0.077762866228097707 0.029072482798369527 0.004102263981509942 -0.047089325390177725 0.024607683785210548 0.032868056323670715
leaf_weight=381.66962866485119 5.2452854216098777 69.807549297809601 383.33295655250549 27.582322582602501 36.725454181432724 134.96319444477558
leaf_count=928 23 157 1077 93 81 283
internal_value=0.0120637 0.0069682 0.00796003 0.0160757 -0.00606621 0.0188415
internal_weight=1039.33 458.386 453.141 580.941 64.3078 516.633
internal_count=2642 1257 1234 1385 174 1211
is_linear=0
shrinkage=0.05


Tree=33
num_leaves=8
num_cat=0
split_feature=9 9 60 36 3 36 35
split_gain=8.84004 14.2543 13.6288 13.2631 10.734 6.95572 4.4143
threshold=8877248.0000000019 8443077.0000000019 -2502216.6249999995 -1.0804696083068845 -108496.99999999999 -1.0000000180025095e-35 1.6842156648635866
decision_type=2 2 2 2 2 2 2
left_child=1 4 3 -2 -1 -4 -3
right_child=2 6 5 -5 -6 -7 -8
leaf_value=-0.04245616848526039 0.046348566447344523 -0.078398367824126847 0.075852594370105733 -0.075587358254917233 0.011665590695402895 0.017273014064782568 0
leaf_weight=9.2080647796392423 4.3512297570705414 5.8054219186305982 15.998349621891974 4.5308788865804654 989.9962083697319 7.776658549904826 2.5633468925952911
leaf_count=33 8 26 20 21 2507 19 8
internal_value=0.0114502 0.0106134 0.0371141 -0.0152896 0.0111618 0.0569019 -0.054268
internal_weight=1040.23 1007.57 32.6571 8.88211 999.204 23.775 8.36877
internal_count=2642 2574 68 29 2540 39 34
is_linear=0
shrinkage=0.05


Tree=34
num_leaves=8
num_cat=0
split_feature=9 9 60 36 57 36 35
split_gain=8.0745 13.0085 12.3233 12.21 10.8169 6.37606 4.14763
threshold=8877248.0000000019 8443077.0000000019 -2502216.6249999995 -1.0804696083068845 3.4820641279220585 -1.0000000180025095e-35 1.6842156648635866
decision_type=2 2 2 2 2 2 2
left_child=1 4 3 -2 -1 -4 -3
right_child=2 6 5 -5 -6 -7 -8
leaf_value=-0.022021398994590102 0.04397943285630506 -0.07625295345578581 0.072518458073027273 -0.073704253052156263 0.011421418715771315 0.016376731266148577 0
leaf_weight=24.693879947066307 4.3561947494745255 5.6736572831869108 15.899592339992521 4.4171906262636167 975.66031946241856 7.7917520403862026 2.5633468925952911
leaf_count=85 8 26 20 21 2455 19 8
internal_value=0.0108684 0.0100715 0.0354734 -0.0147016 0.0105909 0.0542653 -0.0524042
internal_weight=1041.06 1008.59 32.4647 8.77339 1000.35 23.6913 8.237
internal_count=2642 2574 68 29 2540 39 34
is_linear=0
shrinkage=0.05


Tree=35
num_leaves=8
num_cat=0
split_feature=39 38 60 42 50 9 38
split_gain=8.95364 17.8522 11.281 8.36407 19.1519 11.7391 6.01259
threshold=-1.4036665558815 -1.0037825107574461 -942097.65624999988 -0.00095230498118326057 11.615466117858888 3194400.5000000005 -1.3955113291740415
decision_type=2 2 2 2 2 2 2
left_child=1 6 -3 4 -2 -5 -1
right_child=3 2 -4 5 -6 -7 -8
leaf_value=-0.0013675420930438853 0.032628970639407569 -0.081983259581696152 -0.00013377135893870808 0.0075007036210972093 -0.020677768755878491 0.018834623776907856 0.076387008527937297
leaf_weight=4.9433620572090149 24.174108073115349 10.232711732387545 7.3609429001808158 530.37616816163063 55.439589142799377 404.33450946211815 4.7633882761001605
leaf_count=14 56 44 21 1360 166 974 7
internal_value=0.0103188 -0.0178677 -0.0480228 0.0110823 -0.00442877 0.0124088 0.0362738
internal_weight=1041.62 27.3004 17.5937 1014.32 79.6137 934.711 9.70675
internal_count=2642 86 65 2556 222 2334 21
is_linear=0
shrinkage=0.05


Tree=36
num_leaves=7
num_cat=0
split_feature=39 2 20 50 10 47
split_gain=8.37797 23.2541 17.4081 16.4664 17.6235 15.3187
threshold=0.24557133018970492 231675.00000000003 30371.919921875004 8.876714229583742 0.00065710500348359357 0.14162847399711612
decision_type=2 2 2 2 2 2
left_child=1 2 -1 5 -5 -2
right_child=3 -3 -4 4 -6 -7
leaf_value=-0.011011900530314308 -0.077406467331597104 -0.078221300671352495 0.011794096880492417 0.018162624045514716 -0.013831259547437254 0.0090011008401982822
leaf_weight=109.97402587532997 9.3377482742071169 8.2773263156414014 347.77800323069096 509.0888656526804 46.837741866707802 11.183746933937071
leaf_count=322 43 37 882 1187 138 33
internal_value=0.00979366 0.00479206 0.00630408 0.0138285 0.0154581 -0.0300727
internal_weight=1042.48 466.029 457.752 576.448 555.927 20.5215
internal_count=2642 1241 1204 1401 1325 76
is_linear=0
shrinkage=0.05


Tree=37
num_leaves=7
num_cat=0
split_feature=39 2 27 20 40 19
split_gain=7.96456 17.0159 16.4759 9.33573 24.9053 19.9734
threshold=-1.4036665558815 11665.500000000002 -24871.999999999996 102815.95703125001 3.1180169582366948 129276.80859375001
decision_type=2 2 2 2 2 2
left_child=1 -1 -3 4 -2 -5
right_child=3 2 -4 5 -6 -7
leaf_value=0.087567667648238284 0.015562609396125493 0.0037925843970541256 -0.079858707922140518 -0.01479382955354697 -0.087026094130786616 0.01026513096176263
leaf_weight=3.3583483844995525 543.25063116848469 13.41015720367432 10.344695061445233 101.54938167333603 5.9671798944473258 364.9071841314435
leaf_count=4 1304 37 45 292 25 935
internal_value=0.00929954 -0.017378 -0.0324252 0.0100166 0.0144389 0.00479898
internal_weight=1042.79 27.1132 23.7549 1015.67 549.218 466.457
internal_count=2642 86 82 2556 1329 1227
is_linear=0
shrinkage=0.05


Tree=38
num_leaves=7
num_cat=0
split_feature=23 57 9 37 55 1
split_gain=8.35944 21.5753 16.808 15.4742 15.1288 14.3641
threshold=57.500000000000007 3.4820641279220585 2596778.0000000005 -1.6920093297958372 -0.14244264364242551 59472.500000000007
decision_type=2 2 2 2 2 2
left_child=1 -1 3 -2 -3 -4
right_child=2 4 5 -5 -6 -7
leaf_value=-0.072116540471765342 -0.033863456624594244 0.02698179303163209 0.017448524315717182 0.0032477762589685232 0.0065579925956621883 0.0013410647119840228
leaf_weight=6.9753398299217215 47.189497828483582 177.79422284662724 267.70324909687042 68.875579059123993 186.6948968321085 288.08224489539862
leaf_count=33 158 386 640 182 471 772
internal_value=0.00882914 0.0148561 0.0054894 -0.0117978 0.0165342 0.00910848
internal_weight=1043.32 371.464 671.851 116.065 364.489 555.785
internal_count=2642 890 1752 340 857 1412
is_linear=0
shrinkage=0.05


Tree=39
num_leaves=8
num_cat=0
split_feature=26 53 37 22 57 39 38
split_gain=7.87368 10.9202 20.4162 10.4014 24.6874 12.5674 10.2332
threshold=0.84463897347450267 1.6902951002120974 1.9062546491622927 6990.9001464843759 24.15030670166016 0.49259845912456518 -1.3114500641822813
decision_type=2 2 2 2 2 2 2
left_child=1 6 -3 5 -5 -2 -1
right_child=3 2 -4 4 -6 -7 -8
leaf_value=0.00023005752910597278 -0.020099395449426429 -0.064561172192557262 0.0056657003648345576 -0.088124703627776052 0.022267501556997579 0.060789030049028761 0.01180188994274063
leaf_weight=272.8899749815464 5.7918248176574734 14.957280054688452 33.251552522182465 5.7695247232913962 40.978759482502937 25.852120265364647 644.04458606243134
leaf_count=714 18 64 89 25 87 38 1607
internal_value=0.00838556 0.00714035 -0.0160192 0.0236525 0.00853629 0.0458259 0.00836344
internal_weight=1043.54 965.143 48.2088 78.3922 46.7483 31.6439 916.935
internal_count=2642 2474 153 168 112 56 2321
is_linear=0
shrinkage=0.05


Tree=40
num_leaves=8
num_cat=0
split_feature=1 54 46 34 37 3 57
split_gain=7.8046 19.1205 17.2095 8.90021 22.0384 13.9102 6.04292
threshold=17644.500000000004 0.99257540702819835 -0.15401974320411679 0.46106496453285223 -1.5959298014640806 5390.5000000000009 82.860202789306655
decision_type=2 2 2 2 2 2 2
left_child=1 2 -1 5 -5 -2 -3
right_child=3 6 -4 4 -6 -7 -8
leaf_value=-0.0052505307497680322 0.015288216351097235 0.00048365460711530684 -0.068258681217849934 -0.023001896025477662 0.0099543760233183377 -0.0031104365612172552 0.060931597240717929
leaf_weight=40.647669181227684 585.1286578476429 6.9976153820753124 14.880866616964338 68.883319042623043 192.29632230848074 124.08453005552292 10.735917598009108
leaf_count=118 1373 19 60 221 505 328 18
internal_value=0.00796502 -0.00773428 -0.0222259 0.00915543 0.00124337 0.0120621 0.0373609
internal_weight=1043.65 73.2621 55.5285 970.393 261.18 709.213 17.7335
internal_count=2642 215 178 2427 726 1701 37
is_linear=0
shrinkage=0.05


Tree=41
num_leaves=6
num_cat=0
split_feature=48 48 39 53 19
split_gain=7.77662 9.521 16.8862 12.5882 7.7467
threshold=-1.490038990974426 -0.9535292088985442 -1.0390605330467222 -0.95700678229331959 12302.299804687502
decision_type=2 2 2 2 2
left_child=4 2 -2 -3 -1
right_child=1 3 -4 -5 -6
leaf_value=-0.07608147025019403 -0.046374849384286966 -0.0054718596593964549 0.025349581578074178 0.0091866215225224219 0.0034968170199872143
leaf_weight=5.498041167855261 8.7437119632959348 183.70408211648464 123.61846286058426 715.5143534168601 6.6374556571245193
leaf_count=25 30 505 271 1793 18
internal_value=0.00756533 0.00803732 0.0205738 0.00618644 -0.0321445
internal_weight=1043.72 1031.58 132.362 899.218 12.1355
internal_count=2642 2599 301 2298 43
is_linear=0
shrinkage=0.05


Tree=42
num_leaves=7
num_cat=0
split_feature=38 49 48 6 55 34
split_gain=7.63561 10.1274 13.0447 9.47305 8.55211 8.22808
threshold=2.4668239355087285 -0.65472397208213795 0.73437336087226879 -549470719.99999988 1.6176807284355166 1.4731222391128542
decision_type=2 2 2 2 2 2
left_child=3 -2 -3 4 -1 -5
right_child=1 2 -4 5 -6 -7
leaf_value=-0.075400903327913882 -0.082342123085003924 0.017609730040300874 -0.078205413153628472 0.0077927163419187102 0.018599389409075923 0.045208591343315972
leaf_weight=6.4021711051464063 5.1650731712579754 15.805837877094747 4.5752352178096762 993.33978664129972 3.7732565701007843 14.975616991519926
leaf_count=30 22 40 20 2491 10 29
internal_value=0.00718415 -0.0197593 -0.00365396 0.00786486 -0.0400523 0.00835338
internal_weight=1044.04 25.5461 20.3811 1018.49 10.1754 1008.32
internal_count=2642 82 60 2560 40 2520
is_linear=0
shrinkage=0.05


Tree=43
num_leaves=7
num_cat=0
split_feature=33 10 34 24 35 46
split_gain=8.06841 9.20592 9.11402 19.7045 13.9375 8.24449
threshold=1.4626554250717165 -0.00023783500364515928 0.46106496453285223 522.00000000000011 1.2307156324386599 0.54656022787094127
decision_type=2 2 2 2 2 2
left_child=2 -2 4 -4 -1 -3
right_child=1 5 3 -5 -6 -7
leaf_value=0.01164742064724366 -0.031885675241549505 0.015454481805735006 0.0062806872921981815 -0.02460410369617121 -0.0085535570835231275 0.087469105534924069
leaf_weight=656.70015153288841 3.7263322919607189 7.5934237688779858 199.93291276693344 69.596967540681362 97.853732973337173 8.8132863044738752
leaf_count=1572 12 19 521 240 268 10
internal_value=0.00682295 0.0382171 0.00620087 -0.00167571 0.00902105 0.0544437
internal_weight=1044.22 20.133 1024.08 269.53 754.554 16.4067
internal_count=2642 41 2601 761 1840 29
is_linear=0
shrinkage=0.05


Tree=44
num_leaves=6
num_cat=0
split_feature=60 40 39 10 40
split_gain=7.48178 8.78104 20.8183 19.3995 8.68304
threshold=-2604170.1249999995 1.7660155296325686 2.2328541278839116 0.00065710500348359357 -0.63357448577880848
decision_type=2 2 2 2 2
left_child=4 2 -2 -3 -1
right_child=1 3 -4 -5 -6
leaf_value=0.0079666395495649311 0.0017922736538682465 0.022891986107774112 0.022850102324744079 -0.059429349721430262 -0.075887226252357942
leaf_weight=6.2505292743444443 750.47971888631582 134.6399192661047 139.29069468379021 7.5278509259223929 5.9216071218252164
leaf_count=16 1965 302 304 28 27
internal_value=0.00648216 0.00694583 0.00509443 0.0184979 -0.0324165
internal_weight=1044.11 1031.94 889.77 142.168 12.1721
internal_count=2642 2599 2269 330 43
is_linear=0
shrinkage=0.05


Tree=45
num_leaves=8
num_cat=0
split_feature=9 18 25 9 3 45 19
split_gain=7.38884 11.5119 15.757 11.2144 9.35804 7.76652 4.2935
threshold=8877248.0000000019 27919.500000000004 184075.50000000003 8443077.0000000019 -108496.99999999999 -0.39186659455299372 81732.722656250015
decision_type=2 2 2 2 2 2 2
left_child=3 5 -3 4 -1 -2 -5
right_child=1 2 -4 6 -6 -7 -8
leaf_value=-0.044319668473188766 0.010561038124107427 -0.080467208323064296 0.0512170665292115 0 0.0063514807752889898 0.071296211538328755 -0.076765294200291698
leaf_weight=9.1726736724376661 8.6434683799743635 4.769555062055586 4.3004503846168518 2.5102794915437681 994.65229192376137 14.357293903827669 5.6961222589015961
leaf_count=33 20 22 8 8 2507 18 26
internal_value=0.00615791 0.0298206 -0.0174792 0.00540311 0.00588348 0.0486899 -0.0527479
internal_weight=1044.1 32.0708 9.07001 1012.03 1003.82 23.0008 8.2064
internal_count=2642 68 30 2574 2540 38 34
is_linear=0
shrinkage=0.05


Tree=46
num_leaves=7
num_cat=0
split_feature=37 57 33 36 26 25
split_gain=7.37228 13.3409 7.98538 19.3519 8.99707 3.18898
threshold=-3.0982687473297115 15.350200653076174 -1.284972012042999 -0.16042065620422361 0.84463897347450267 10614.000000000002
decision_type=2 2 2 2 2 2
left_child=1 -1 3 -2 -4 -3
right_child=2 5 4 -5 -6 -7
leaf_value=-0.029995640839301146 0.0076706534957178942 0.035305577288206186 0.0056179760306405901 -0.028406362902915146 0.024319420200574714 0.080888178566581051
leaf_weight=5.8500027805566814 106.41976977884769 8.5866067707538622 787.94035527855158 57.03438812494278 70.270039364695549 7.8935191035270682
leaf_count=18 266 16 2005 181 146 10
internal_value=0.00585051 0.0343112 0.00522356 -0.00488718 0.00715507 0.0574418
internal_weight=1043.99 22.3301 1021.66 163.454 858.21 16.4801
internal_count=2642 44 2598 447 2151 26
is_linear=0
shrinkage=0.05


Tree=47
num_leaves=7
num_cat=0
split_feature=33 1 3 45 39 46
split_gain=7.31815 8.87211 15.7598 14.4872 8.54066 8.56815
threshold=1.4626554250717165 254183.50000000003 -75298.499999999985 -0.78281772136688221 -0.1730481684207916 0.10422199964523317
decision_type=2 2 2 2 2 2
left_child=1 2 -1 -3 -2 -6
right_child=4 3 -4 -5 5 -7
leaf_value=-0.047482580072860686 -0.0354846887545264 -0.070068620181542807 0.0069718271781770954 -0.003094762545093084 -0.0042221050277529313 0.07356438656674899
leaf_weight=13.455201774835585 3.4322986453771618 9.4322037845849973 943.47314338386059 57.47554674744606 4.8948979675769833 11.763344094157217
leaf_count=47 11 36 2361 157 14 16
internal_value=0.00555879 0.00496668 0.00620093 -0.012611 0.0354845 0.0504073
internal_weight=1043.93 1023.84 956.928 66.9078 20.0905 16.6582
internal_count=2642 2601 2408 193 41 30
is_linear=0
shrinkage=0.05


Tree=48
num_leaves=7
num_cat=0
split_feature=37 57 10 2 2 20
split_gain=7.01089 12.0296 7.6879 25.3051 13.023 3.23788
threshold=-3.0982687473297115 15.350200653076174 -0.00095230498118326057 71716.500000000015 87059.500000000015 57231.755859375007
decision_type=2 2 2 2 2 2
left_child=1 -1 3 -2 -4 -3
right_child=2 5 4 -5 -6 -7
leaf_value=-0.028016942264997652 0.017967769681143698 0.02467373447004154 0.0014827881452751344 -0.039106615359818561 0.013712753924817939 0.072255056236098056
leaf_weight=5.8374733328819302 38.863855078816414 6.0347741395235088 602.44853913784027 38.690844386816025 341.77702072262764 10.394225448369978
leaf_count=18 91 12 1559 128 820 14
internal_value=0.0052791 0.0330716 0.00466855 -0.0104413 0.00591491 0.0550816
internal_weight=1044.05 22.2665 1021.78 77.5547 944.226 16.429
internal_count=2642 44 2598 219 2379 26
is_linear=0
shrinkage=0.05


Tree=49
num_leaves=8
num_cat=0
split_feature=1 54 40 34 0 34 14
split_gain=6.86413 17.2948 23.9208 7.95668 20.6653 9.22223 4.87794
threshold=17644.500000000004 0.99257540702819835 1.3921082615852358 -1.4580752253532407 122924.00000000001 -0.20358330756425855 25.550000190734867
decision_type=2 2 2 2 2 2 2
left_child=1 2 -1 4 -2 -5 -3
right_child=3 6 -4 5 -6 -7 -8
leaf_value=-0.0409529965690415 -0.06755455863761449 0.049479845858014175 0.038026079175884672 0.011358006377525149 0.020377015920906953 0.0014062584765515613 -0.0080139290129003209
leaf_weight=43.380562841892242 12.546501770615579 12.808700680732729 12.245047047734259 520.50130961835384 14.171744152903555 423.45007154345512 4.9855180382728568
leaf_count=154 50 23 24 1205 33 1139 14
internal_value=0.00501531 -0.0096992 -0.0234772 0.00613344 -0.0207272 0.00689902 0.0330905
internal_weight=1044.09 73.4198 55.6256 970.67 26.7182 943.951 17.7942
internal_count=2642 215 178 2427 83 2344 37
is_linear=0
shrinkage=0.05


Tree=50
num_leaves=5
num_cat=0
split_feature=41 41 6 27
split_gain=6.77104 9.01977 9.74903 4.8539
threshold=-0.97707042098045338 -1.0000000180025095e-35 -541486175.99999988 68656.000000000015
decision_type=2 2 2 2
left_child=3 -2 -3 -1
right_child=1 2 -4 -5
leaf_value=-0.079668504111186159 0.059348834043727643 -0.030906891869989756 0.0053470140953762457 0.010232600956440406
leaf_weight=4.052365079522132 7.6174301952123633 18.853105008602142 1010.7920774817467 2.2408473938703537
leaf_count=19 12 67 2537 7
internal_value=0.00476659 0.00508465 0.00467834 -0.0468626
internal_weight=1043.56 1037.26 1029.65 6.29321
internal_count=2642 2616 2604 26
is_linear=0
shrinkage=0.05


Tree=51
num_leaves=8
num_cat=0
split_feature=9 60 9 36 57 36 35
split_gain=6.87661 10.4195 10.0078 9.92453 8.39118 6.12044 3.90278
threshold=8877248.0000000019 -2502216.6249999995 8443077.0000000019 -1.0804696083068845 3.4820641279220585 0.33632865548133856 1.6842156648635866
decision_type=2 2 2 2 2 2 2
left_child=2 3 4 -2 -1 -3 -4
right_child=1 5 6 -5 -6 -7 -8
leaf_value=-0.024463194495425847 0.03390017662136819 0.063602182739171453 -0.075206927944988997 -0.07300361682691045 0.0049858459847348493 0.0084201495467651575 0
leaf_weight=24.750349953770638 4.3046743720769882 15.233602806925775 5.5247113257646543 4.3118348792195338 979.03059884160757 7.8319407403469077 2.5503948181867599
leaf_count=85 8 20 26 21 2455 19 8
internal_value=0.00452808 0.0274915 0.00380413 -0.0190159 0.00425474 0.0450818 -0.051589
internal_weight=1043.54 31.6821 1011.86 8.61651 1003.78 23.0655 8.07511
internal_count=2642 68 2574 29 2540 39 34
is_linear=0
shrinkage=0.05


Tree=52
num_leaves=8
num_cat=0
split_feature=39 20 23 10 10 45 50
split_gain=6.76738 15.4752 27.518 19.5056 13.9103 14.914 13.8641
threshold=0.24557133018970492 30371.919921875004 57.500000000000007 -0.00046501000178977842 0.00065710500348359357 2.5914086103439335 8.876714229583742
decision_type=2 2 2 2 2 2 2
left_child=1 2 -1 -3 6 -6 -2
right_child=4 3 -4 -5 5 -7 -8
leaf_value=-0.0060108892735888184 -0.030469603159707998 -0.010185357852795007 -0.076019598330494736 0.013997064675906347 -0.025920289007198345 0.083272287034478032 0.011876400820167818
leaf_weight=95.343606024980545 20.030977085232735 133.10172183811665 16.505375534296036 222.64896444231272 43.78642837703228 3.3500606119632712 508.32678616046906
leaf_count=263 75 377 65 536 135 4 1187
internal_value=0.00430324 -0.000154167 -0.0163867 0.00493532 0.00793364 -0.0180537 0.0102615
internal_weight=1043.09 467.6 111.849 355.751 575.494 47.1365 528.358
internal_count=2642 1241 328 913 1401 139 1262
is_linear=0
shrinkage=0.05


Tree=53
num_leaves=7
num_cat=0
split_feature=23 57 9 57 48 47
split_gain=6.74868 18.3129 14.408 14.2498 14.0901 13.6706
threshold=57.500000000000007 3.4820641279220585 2596778.0000000005 10.22143602371216 0.73437336087226879 -0.74083766341209401
decision_type=2 2 2 2 2 2
left_child=1 -1 3 -2 -3 -4
right_child=2 4 5 -5 -6 -7
leaf_value=-0.071424468213404452 -0.084253032344587142 0.012871390209218736 -0.011998674645240006 -0.010428023177718945 -0.042182376694652898 0.0081887863020348242
leaf_weight=6.8440218418836585 6.9833307117223731 351.7463191151619 102.74646259099245 109.24478861689568 11.980141863226889 453.06055776029825
leaf_count=33 30 817 292 310 40 1120
internal_value=0.0040887 0.00950773 0.00109313 -0.0149067 0.0110443 0.00444794
internal_weight=1042.61 370.57 672.035 116.228 363.726 555.807
internal_count=2642 890 1752 340 857 1412
is_linear=0
shrinkage=0.05


Tree=54
num_leaves=8
num_cat=0
split_feature=47 48 3 34 10 33 27
split_gain=6.86945 13.0883 16.6393 14.4856 12.673 24.0367 18.0611
threshold=1.0000000180025095e-35 1.8652427196502688 -21562.999999999996 -1.4580752253532407 -0.00095230498118326057 -0.62978410720825184 40933.500000000007
decision_type=2 2 2 2 2 2 2
left_child=4 3 -3 -2 5 -1 -6
right_child=1 2 -4 -5 6 -7 -8
leaf_value=-0.061810347818619431 -0.053156304261368095 0.012277638176394327 -0.072057806071255073 0.0029365308448471785 0.014789182404058241 0.019993733255811628 -0.011666884883233954
leaf_weight=17.77523398399353 11.770592436194418 10.025723069906237 13.746560230851172 508.63092035055161 384.91708550602198 18.022652253508568 77.285995185375214
leaf_count=65 44 26 55 1284 901 41 226
internal_value=0.00388423 0 -0.0362798 0.0016582 0.00812763 -0.0204859 0.0103546
internal_weight=1042.17 544.174 23.7723 520.402 498.001 35.7979 462.203
internal_count=2642 1409 81 1328 1233 106 1127
is_linear=0
shrinkage=0.05


Tree=55
num_leaves=8
num_cat=0
split_feature=39 38 6 38 1 36 53
split_gain=6.63038 14.975 9.78088 8.11049 21.0798 17.979 5.25258
threshold=-1.4036665558815 -1.0037825107574461 -159038471.99999997 -0.4812526255846023 12806.000000000002 -0.66537404060363758 -0.67552459239959706
decision_type=2 2 2 2 2 2 2
left_child=1 6 -3 4 -2 -5 -1
right_child=3 2 -4 5 -6 -7 -8
leaf_value=-0.0085232066480617225 -0.085544278031003188 -0.080530173532149973 -0.0037920230577794078 0.031841937192030594 0.0010426371152971162 0.0049540597673677677 0.064533207174566426
leaf_weight=4.6273539513349533 7.1306226551532736 10.071912944316866 7.3064443767070761 72.496880620718002 492.6854330599308 442.56514374166727 5.0104266256093997
leaf_count=13 30 44 21 144 1249 1133 8
internal_value=0.00369015 -0.0207247 -0.0485546 0.004345 -0.000182651 0.00874834 0.0289381
internal_weight=1041.89 27.0161 17.3784 1014.88 499.816 515.062 9.63778
internal_count=2642 86 65 2556 1279 1277 21
is_linear=0
shrinkage=0.05


Tree=56
num_leaves=6
num_cat=0
split_feature=48 48 57 48 19
split_gain=6.55022 8.8366 27.9713 15.7934 6.90939
threshold=-1.490038990974426 -0.87910813093185414 93.853500366210952 -0.626194268465042 12302.299804687502
decision_type=2 2 2 2 2
left_child=4 2 -2 -3 -1
right_child=1 3 -4 -5 -6
leaf_value=-0.075371594184677926 0.019485121386153534 -0.012466170712741663 -0.069441316295495395 0.0050841473936029651 0.00020347072516046797
leaf_weight=5.3658295124769193 157.54513677954674 156.52528761327267 9.3481015264987928 706.18653923273087 6.6308634728193283
leaf_count=25 352 430 35 1782 18
internal_value=0.0035058 0.00393814 0.0144742 0.00189413 -0.0331826
internal_weight=1041.6 1029.61 166.893 862.712 11.9967
internal_count=2642 2599 387 2212 43
is_linear=0
shrinkage=0.05


Tree=57
num_leaves=8
num_cat=0
split_feature=9 60 36 9 3 36 38
split_gain=6.47531 9.53107 9.0691 9.05394 7.59095 5.67556 4.05352
threshold=8877248.0000000019 -2502216.6249999995 -1.0804696083068845 8443077.0000000019 -108496.99999999999 0.33632865548133856 1.9543740153312685
decision_type=2 2 2 2 2 2 2
left_child=3 2 -2 4 -1 -3 -5
right_child=1 5 -4 6 -6 -7 -8
leaf_value=-0.042526176851958475 0.031359814579753634 0.060775270387024294 -0.071640527383786443 -0.073720298718648533 0.0034778085695588833 0.0074096048769191139 0.0022715217992745379
leaf_weight=9.0339277386665326 4.2760602086782455 14.956353008747103 4.1999809965491313 5.5897315964102736 993.2149274200201 7.8122171610593787 2.3753494322299957
leaf_count=33 8 20 21 27 2507 19 7
internal_value=0.00333035 0.0257667 -0.0190882 0.00263147 0.00305816 0.0426844 -0.0504302
internal_weight=1041.46 31.2446 8.47604 1010.21 1002.25 22.7686 7.96508
internal_count=2642 68 29 2574 2540 39 34
is_linear=0
shrinkage=0.05


Tree=58
num_leaves=8
num_cat=0
split_feature=40 39 35 39 18 18 10
split_gain=6.46551 19.7162 22.6872 17.3262 20.1985 14.7652 11.5502
threshold=1.7660155296325686 2.3773378133773808 1.6302087903022768 2.2328541278839116 8203.0000000000018 13775.500000000002 -0.00025514001026749605
decision_type=2 2 2 2 2 2 2
left_child=3 2 -2 6 -5 -3 -1
right_child=1 5 -4 4 -6 -7 -8
leaf_value=-0.0077442139198120909 0.028514036787053405 -0.092944000687207651 -0.033106698775757525 0.029160921813378655 -0.01408144563007898 0 0.0046016574113073435
leaf_weight=368.26075632870197 108.58238261193037 6.9550695568323162 17.248796701431274 102.73737396299839 36.459024913609028 10.958440780639647 389.76963229477406
leaf_count=1011 227 29 55 205 103 29 983
internal_value=0.00316536 0.013015 0.0200274 0.00158178 0.0177987 -0.0359636 -0.00138953
internal_weight=1040.97 143.745 125.831 897.227 139.196 17.9135 758.03
internal_count=2642 340 282 2302 308 58 1994
is_linear=0
shrinkage=0.05


Tree=59
num_leaves=7
num_cat=0
split_feature=33 10 34 28 3 46
split_gain=6.6078 7.86648 7.68875 15.6464 8.56815 6.8266
threshold=1.4626554250717165 -0.00023783500364515928 1.4731222391128542 427.81250000000006 7901.0000000000009 0.54656022787094127
decision_type=2 2 2 2 2 2
left_child=2 -2 3 -1 -4 -3
right_child=1 5 4 -5 -6 -7
leaf_value=0.0044831599681842268 -0.033142965282529684 0.011308809019992297 0.059826323212382508 -0.013080594234421761 -0.015561016673348305 0.077254674127077108
leaf_weight=854.65686077624559 3.7294551283121136 7.5672165602445629 11.710060060024263 148.80620253831148 5.4219423085451117 8.6283602714538556
leaf_count=2128 12 19 19 438 16 10
internal_value=0.00300796 0.0315459 0.00244591 0.0018736 0.0356759 0.0467509
internal_weight=1040.52 19.925 1020.6 1003.46 17.132 16.1956
internal_count=2642 41 2601 2566 35 29
is_linear=0
shrinkage=0.05


Tree=60
num_leaves=7
num_cat=0
split_feature=37 57 38 33 36 25
split_gain=6.41287 11.0363 7.48953 17.5547 11.7651 3.2444
threshold=-3.0982687473297115 15.350200653076174 -1.3114500641822813 -0.62978410720825184 -0.30400028824806208 6114.5000000000009
decision_type=2 2 2 2 2 2
left_child=1 -1 3 -2 -4 -3
right_child=2 5 4 -5 -6 -7
leaf_value=-0.029405236620841643 -0.011385080012692061 0.020254841179819159 0.013796418155067628 0.017360937460642278 0.00038683091090583861 0.068131181176026109
leaf_weight=5.7366413772106197 221.63496677577496 5.9396897256374386 249.44595937430859 69.753855347633362 477.47670730948448 10.245059654116629
leaf_count=18 605 12 577 156 1260 14
internal_value=0.00285845 0.0296344 0.00227713 -0.00448658 0.00499525 0.0508698
internal_weight=1040.23 21.9214 1018.31 291.389 726.923 16.1847
internal_count=2642 44 2598 761 1837 26
is_linear=0
shrinkage=0.05


Tree=61
num_leaves=7
num_cat=0
split_feature=9 2 9 57 10 57
split_gain=6.37806 17.8505 15.8659 15.4888 12.8422 4.79502
threshold=3194400.5000000005 398340.50000000006 3241519.5000000005 8.9247283935546893 -0.00095230498118326057 57.355745315551765
decision_type=2 2 2 2 2 2
left_child=1 3 5 -1 -4 -2
right_child=2 -3 4 -5 -6 -7
leaf_value=-0.029688008306323982 0.016035970657557134 -0.088825367795690557 -0.026069143583308075 0.0023868478734475171 0.0075759551512250833 0.067910800818998016
leaf_weight=40.412410855293274 7.0943955928087261 5.6874778717756262 30.502942681312561 547.90099397301674 395.03679677098989 13.418777227401732
leaf_count=132 16 24 97 1376 978 19
internal_value=0.00271663 -0.000668686 0.007236 0.000175064 0.0051525 0.0502139
internal_weight=1040.05 594.001 446.053 588.313 425.54 20.5132
internal_count=2642 1532 1110 1508 1075 35
is_linear=0
shrinkage=0.05


Tree=62
num_leaves=8
num_cat=0
split_feature=47 23 23 48 3 34 48
split_gain=6.07785 12.1058 24.3538 11.913 15.2901 13.0614 11.1509
threshold=1.0000000180025095e-35 57.500000000000007 269.50000000000006 1.8652427196502688 -21562.999999999996 -1.4580752253532407 0.36267985403537756
decision_type=2 2 2 2 2 2 2
left_child=1 6 -3 5 -5 -2 -1
right_child=3 2 -4 4 -6 -7 -8
leaf_value=0.020423954369682057 -0.051886585488798626 -0.018337790679543314 0.010629679944431343 0.010567490394467464 -0.070422586884831356 0.0017116603837353474 -0.035274274130966538
leaf_weight=162.11520420014858 11.625034362077711 109.17880553007126 216.22355049848557 10.038327038288118 13.585648790001867 507.5717169046402 9.45074515044689
leaf_count=358 44 315 530 26 55 1284 30
internal_value=0.0025812 0.00657779 0.000895166 -0.00106858 -0.0357965 0.000501943 0.0173267
internal_weight=1039.79 496.968 325.402 542.821 23.624 519.197 171.566
internal_count=2642 1233 845 1409 81 1328 388
is_linear=0
shrinkage=0.05


Tree=63
num_leaves=6
num_cat=0
split_feature=60 40 2 10 54
split_gain=6.11103 7.70531 7.50967 20.9825 20.3172
threshold=-2604170.1249999995 -0.63357448577880848 87059.500000000015 -0.00095230498118326057 -2.4898149967193599
decision_type=2 2 2 2 2
left_child=1 -1 4 -4 -2
right_child=2 -3 3 -5 -6
leaf_value=0.0047471688141186123 -0.047841772033623609 -0.074701190685625293 -0.027537630695210615 0.012193233902490904 0.001229901053543693
leaf_weight=6.2497701197862625 21.833277031779289 5.7667439132928831 36.671409860253334 348.2349916100502 620.65607164800167
leaf_count=16 76 27 115 824 1584
internal_value=0.00245231 -0.0329641 0.00287141 0.00839494 -0.000429886
internal_weight=1039.41 12.0165 1027.4 384.906 642.489
internal_count=2642 43 2599 939 1660
is_linear=0
shrinkage=0.05


Tree=64
num_leaves=8
num_cat=0
split_feature=53 37 56 33 36 3 0
split_gain=6.13307 26.4627 19.6325 8.55783 18.6256 10.9443 3.75819
threshold=1.6902951002120974 1.9062546491622927 84.246677398681655 1.4247043728828432 1.5623488426208498 5390.5000000000009 164962.00000000003
decision_type=2 2 2 2 2 2 2
left_child=3 6 -3 5 -5 -1 -2
right_child=1 2 -4 4 -6 -7 -8
leaf_value=0.0049008173552104566 -0.079115849770545366 -0.021701239752665108 0.049644882602755763 0.050271212437540826 -0.055149835746928159 -0.0092286162667849468 -0.012160879338994401
leaf_weight=790.23355158418417 13.294489145278929 23.013449311256409 16.548322781920433 22.587601393461231 5.1023570150136939 165.62518166005611 2.7046050280332556
leaf_count=1964 59 70 29 38 18 454 10
internal_value=0.00232972 -0.013815 0.0080158 0.00324683 0.030665 0.00244733 -0.0681098
internal_weight=1039.11 55.5609 39.5618 983.549 27.69 955.859 15.9991
internal_count=2642 168 99 2474 56 2418 69
is_linear=0
shrinkage=0.05


Tree=65
num_leaves=8
num_cat=0
split_feature=39 38 60 38 1 36 24
split_gain=5.896 13.6547 9.3627 7.02459 19.2046 15.3127 6.77189
threshold=-1.4036665558815 -1.0037825107574461 -942097.65624999988 -0.4812526255846023 12806.000000000002 -0.66537404060363758 285.00000000000006
decision_type=2 2 2 2 2 2 2
left_child=1 6 -3 4 -2 -5 -1
right_child=3 2 -4 5 -6 -7 -8
leaf_value=-0.015682071557360375 -0.083389454209676583 -0.079472328516394103 -0.0041265385512511193 0.02830273846404821 -0.00020640716913315142 0.0034324972773252757 0.06773479435302629
leaf_weight=4.6689046770334262 7.0401612222194663 9.8752358257770556 7.3288522809743872 72.131537765264511 491.07589039206505 441.58789841085672 4.9151451736688614
leaf_count=14 30 44 21 144 1249 1133 7
internal_value=0.00221302 -0.0209176 -0.047666 0.00283033 -0.00139212 0.00693427 0.0265763
internal_weight=1038.62 26.7881 17.2041 1011.84 498.116 513.719 9.58405
internal_count=2642 86 65 2556 1279 1277 21
is_linear=0
shrinkage=0.05


Tree=66
num_leaves=5
num_cat=0
split_feature=7 40 39 39
split_gain=5.99728 6.35193 17.6472 15.8124
threshold=5.2389087677001962 1.7660155296325686 2.3773378133773808 2.2328541278839116
decision_type=2 2 2 2
left_child=1 3 -3 -1
right_child=-2 2 -4 -5
leaf_value=-0.0025703364548237927 0.060010639801046456 0.018280007271717181 -0.034883204609688932 0.015860667706951052
leaf_weight=753.15444272756577 4.4573231637477866 125.16490907222033 17.780026659369469 137.62428496032953
leaf_count=1990 6 281 58 307
internal_value=0.00210198 0.00184744 0.0116324 0.000271619
internal_weight=1038.18 1033.72 142.945 890.779
internal_count=2642 2636 339 2297
is_linear=0
shrinkage=0.05


Tree=67
num_leaves=8
num_cat=0
split_feature=9 18 25 9 45 3 19
split_gain=5.87714 8.71571 13.3496 8.34591 6.87448 6.7339 3.99652
threshold=8877248.0000000019 27919.500000000004 184075.50000000003 8443077.0000000019 -0.39186659455299372 -108496.99999999999 81732.722656250015
decision_type=2 2 2 2 2 2 2
left_child=3 4 -3 5 -2 -1 -5
right_child=1 2 -4 6 -6 -7 -8
leaf_value=-0.041409908992592448 0.0040893318676779025 -0.078730012227150481 0.044352902121030595 0.0010553579734781076 0.062518986349545266 0.0021399959131930585 -0.073889309612474072
leaf_weight=8.947195462882517 8.3113126158714312 4.4928270131349546 4.275836706161499 2.4538742154836646 13.556408703327181 990.37409073114395 5.4231255576014519
leaf_count=33 20 22 8 8 18 2507 26
internal_value=0.00199764 0.0235813 -0.0181413 0.00133615 0.0405401 0.00174508 -0.0499075
internal_weight=1037.83 30.6364 8.76866 1007.2 21.8677 999.321 7.877
internal_count=2642 68 30 2574 38 2540 34
is_linear=0
shrinkage=0.05


Tree=68
num_leaves=7
num_cat=0
split_feature=37 57 1 40 39 26
split_gain=5.90237 9.89594 7.02977 18.35 13.1003 3.35362
threshold=-3.0982687473297115 15.350200653076174 254183.50000000003 -1.9854427576065061 2.0798554420471196 0.075571503490209593
decision_type=2 2 2 2 2 2
left_child=1 -1 4 -4 -2 -3
right_child=2 5 3 -5 -6 -7
leaf_value=-0.028535249120490304 -4.0595100218013657e-05 0.071909170595354829 -0.090594311749730011 -0.0052641505915576835 0.016227698000423545 0.024797615420281412
leaf_weight=5.6568810641765621 801.03182158619165 7.7593743950128546 7.045273393392562 61.372035942971706 146.2270053178072 8.2259108722209913
leaf_count=18 2075 10 30 169 324 16
internal_value=0.00189875 0.0277483 0.00134302 -0.0141241 0.00246544 0.0479787
internal_weight=1037.32 21.6422 1015.68 68.4173 947.259 15.9853
internal_count=2642 44 2598 199 2399 26
is_linear=0
shrinkage=0.05


Tree=69
num_leaves=7
num_cat=0
split_feature=9 2 9 34 25 27
split_gain=5.68982 15.5994 14.4283 16.0169 14.265 6.07865
threshold=3194400.5000000005 398340.50000000006 3241519.5000000005 -0.80969241261482228 84160.000000000015 -31315.999999999996
decision_type=2 2 2 2 2 2
left_child=1 4 5 -4 -1 -2
right_child=2 -3 3 -5 -6 -7
leaf_value=0.00031916618866977876 0.0029427695393428629 -0.084726851414550414 0.01731081700708784 -0.0030391198126334504 -0.066201713938091752 0.064351211353801605
leaf_weight=578.78245632350445 5.8032348603010204 5.5643640756607047 148.83751976490021 275.18465031683445 8.1716903001070005 14.624011024832724
leaf_count=1477 14 24 327 748 31 21
internal_value=0.00180394 -0.00139692 0.00608243 0.00409219 -0.000598432 0.0471503
internal_weight=1036.97 592.519 444.449 424.022 586.954 20.4272
internal_count=2642 1532 1110 1075 1508 35
is_linear=0
shrinkage=0.05


Tree=70
num_leaves=8
num_cat=0
split_feature=47 34 48 26 16 27 46
split_gain=5.58609 13.045 12.7985 11.803 23.9108 8.15472 7.83296
threshold=0.026343954727053646 -1.4580752253532407 1.8652427196502688 0.025678566657006744 8.9249997138977069 -29367.999999999996 0.40271447598934179
decision_type=2 2 2 2 2 2 2
left_child=3 6 -3 5 -5 -1 -2
right_child=1 2 -4 4 -6 -7 -8
leaf_value=0.073017819492943073 -0.079227643395473515 0.00095608117077836661 -0.03894442308969201 -0.05788565185162875 0.0058658456947335126 0.008503608774683067 0.0053908835999375224
leaf_weight=10.670963287353517 8.563852056860922 491.5676547139883 20.949634164571762 15.16635802388191 476.35643634200096 9.413040950894354 3.8610280752181998
leaf_count=15 38 1245 74 63 1174 23 10
internal_value=0.00171431 -0.00190225 -0.000665134 0.0054349 0.00388857 0.04303 -0.05253
internal_weight=1036.55 524.942 512.517 511.607 491.523 20.084 12.4249
internal_count=2642 1367 1319 1275 1237 38 48
is_linear=0
shrinkage=0.05


Tree=71
num_leaves=7
num_cat=0
split_feature=48 48 57 48 10 21
split_gain=5.71023 8.14978 24.4131 14.5601 6.57733 3.5748
threshold=-1.490038990974426 -0.87910813093185414 93.853500366210952 -0.626194268465042 -0.00050760500016622234 -89.499999999999986
decision_type=2 2 2 2 2 2
left_child=4 2 -2 -3 -1 -6
right_child=1 3 -4 -5 5 -7
leaf_value=-0.076899632546515592 0.01687198887773083 -0.013751351610826129 -0.066672805048528613 0.0031398086390712603 -0.032615031901605696 0.040127154948259025
leaf_weight=4.9437768012285233 156.50072093307972 155.88488273322582 9.2421587407588941 702.56940456479788 3.9162157475948334 2.9643918424844724
leaf_count=23 352 430 35 1782 14 6
internal_value=0.00162896 0.0020324 0.0121832 6.67545e-05 -0.0328938 -0.000548628
internal_weight=1036.02 1024.2 165.743 858.454 11.8244 6.88061
internal_count=2642 2599 387 2212 43 20
is_linear=0
shrinkage=0.05


Tree=72
num_leaves=8
num_cat=0
split_feature=26 22 39 34 18 31 45
split_gain=5.60265 9.95058 11.1447 10.5064 9.29771 33.6175 8.87613
threshold=0.84463897347450267 5788.6499023437509 0.49259845912456518 -0.80969241261482228 237.50000000000003 -6.5828280448913565 2.0176291465759282
decision_type=2 2 2 2 2 2 2
left_child=4 2 -2 -3 5 -1 -6
right_child=1 3 -4 -5 6 -7 -8
leaf_value=0.033128574457112335 -0.024135390985462565 -0.045138095382738386 0.053010173689599732 0.012653766190057258 0.0032881583723643817 -0.035518118663490424 -0.018547827307212456
leaf_weight=25.24963952600956 5.7566974312067059 9.983635410666464 23.352131173014641 37.024630799889565 824.7249798104167 60.358419969677925 49.273952692747116
leaf_count=52 18 33 35 82 2080 191 151
internal_value=0.00154712 0.0146067 0.0375817 0.000273542 0.000506008 -0.0152127 0.00205138
internal_weight=1035.72 76.1171 29.1088 47.0083 959.607 85.6081 873.999
internal_count=2642 168 53 115 2474 243 2231
is_linear=0
shrinkage=0.05


Tree=73
num_leaves=5
num_cat=0
split_feature=7 1 57 31
split_gain=5.53843 6.13495 14.0863 6.70189
threshold=5.2389087677001962 17644.500000000004 36.324489593505866 -5.3814816474914542
decision_type=2 2 2 2
left_child=1 2 -1 -3
right_child=-2 3 -4 -5
leaf_value=-0.054667871835137022 0.057535834583729545 -0.0048779157505901231 -0.0010270491041640256 0.0047243638941666796
leaf_weight=15.73791068792343 4.3901197910308829 243.05992412567139 55.964896246790886 716.09559927135706
leaf_count=63 6 644 151 1778
internal_value=0.00147039 0.00122678 -0.0128703 0.00228583
internal_weight=1035.25 1030.86 71.7028 959.156
internal_count=2642 2636 214 2422
is_linear=0
shrinkage=0.05


Tree=74
num_leaves=8
num_cat=0
split_feature=23 45 56 45 9 47 37
split_gain=5.39557 11.7878 21.1244 18.243 11.5875 13.1203 12.1337
threshold=57.500000000000007 0.65106210112571727 40.197660446166999 -0.39186659455299372 2596778.0000000005 -0.74083766341209401 -1.6920093297958372
decision_type=2 2 2 2 2 2 2
left_child=1 3 -3 -1 6 -6 -2
right_child=4 2 -4 -5 5 -7 -8
leaf_value=0.0022964836291697352 -0.035345388245385863 0.021947859706900167 -0.09120936180253339 0.030262256715066618 -0.0144425420715747 0.0054085771142060174 -0.0022521768011700498
leaf_weight=276.57243218272924 46.730941146612167 8.080564498901369 8.310047045350073 74.065066456794739 102.04776918888092 450.24107394367456 68.877074018120766
leaf_count=689 158 18 34 149 292 1120 182
internal_value=0.00139663 0.00626905 -0.0351178 0.00821795 -0.00127342 0.00173158 -0.0156723
internal_weight=1034.92 367.028 16.3906 350.637 667.897 552.289 115.608
internal_count=2642 890 52 838 1752 1412 340
is_linear=0
shrinkage=0.05


Tree=75
num_leaves=8
num_cat=0
split_feature=9 60 9 33 3 40 60
split_gain=5.34334 8.17375 7.56882 7.42303 6.08592 5.2096 4.36776
threshold=8877248.0000000019 -2502216.6249999995 8443077.0000000019 -0.89931443333625782 -108496.99999999999 0.78313696384429943 -2561010.2499999995
decision_type=2 2 2 2 2 2 2
left_child=2 3 4 -2 -1 -3 -4
right_child=1 5 6 -5 -6 -7 -8
leaf_value=-0.040286402160592594 -0.079452769085323754 0.013333825269916586 0.0078094692254614632 0.01760066934875875 0.0014602091090628506 0.062711581512083614 -0.07289337298430526
leaf_weight=8.8016769886016828 3.2320257723331451 11.105825275182726 2.265960231423378 4.9048119559884089 987.74135811626911 10.884905472397802 5.4612575843930236
leaf_count=33 15 24 7 14 2507 15 27
internal_value=0.00132691 0.0220804 0.000699341 -0.0203353 0.00108648 0.038002 -0.0485807
internal_weight=1034.4 30.1276 1004.27 8.13684 996.543 21.9907 7.72722
internal_count=2642 68 2574 29 2540 39 34
is_linear=0
shrinkage=0.05


Tree=76
num_leaves=7
num_cat=0
split_feature=47 21 57 45 53 1
split_gain=5.27485 12.5085 11.5535 26.1796 16.7239 9.91746
threshold=1.0000000180025095e-35 -5181.9999999999991 78.605182647705092 -0.4274092018604278 0.6601901948451997 41543.000000000007
decision_type=2 2 2 2 2 2
left_child=2 -2 4 -4 -1 -3
right_child=1 5 3 -5 -6 -7
leaf_value=0.0066694329690071682 -0.089379423421403537 -0.0098317125954516874 -0.037256388217403701 0.008994341678655737 0.048920537130705509 0.0040582787023116839
leaf_weight=336.42649003118277 4.0807075798511496 213.75533387809992 47.7259820997715 84.96858374029398 25.23547574877739 321.76002116501331
leaf_count=820 17 591 153 214 46 801
internal_value=0.00126111 -0.00215072 0.00499527 -0.00760288 0.00963139 -0.00147669
internal_weight=1033.95 539.596 494.357 132.695 361.662 535.515
internal_count=2642 1409 1233 367 866 1392
is_linear=0
shrinkage=0.05


Tree=77
num_leaves=7
num_cat=0
split_feature=37 57 38 3 3 26
split_gain=5.29691 9.20586 6.32087 21.7203 12.148 3.22149
threshold=-3.0982687473297115 15.350200653076174 -1.3114500641822813 9780.0000000000018 -75298.499999999985 0.075571503490209593
decision_type=2 2 2 2 2 2
left_child=1 -1 3 -2 -4 -3
right_child=2 5 4 -5 -6 -7
leaf_value=-0.028693809530246257 -0.001465452329561222 0.069172280604802849 -0.060379569885838105 -0.051558225489738652 0.0038434503504538547 0.022674829247184784
leaf_weight=5.5957158207893398 265.67612690478563 7.6401432007551184 7.4317882582545272 23.585062816739082 715.67836324125528 8.1141768246889097
leaf_count=18 680 10 31 81 1806 16
internal_value=0.00119812 0.0258506 0.000673277 -0.00556708 0.00317648 0.0455414
internal_weight=1033.72 21.35 1012.37 289.261 723.11 15.7543
internal_count=2642 44 2598 761 1837 26
is_linear=0
shrinkage=0.05


Tree=78
num_leaves=8
num_cat=0
split_feature=28 23 31 55 39 28 21
split_gain=5.30538 15.8708 23.527 9.78937 18.1936 13.6758 5.51809
threshold=909.37500000000011 531.50000000000011 -4.8167848587036124 2.9831246137619023 0.90396025776863109 -517.99999999999989 5526.5000000000009
decision_type=2 2 2 2 2 2 2
left_child=3 2 -2 4 -1 -5 -3
right_child=1 6 -4 5 -6 -7 -8
leaf_value=-0.0053517360061620355 -0.090540906010935868 -0.078960494276064358 0.0075988624713512823 0.050294336507438558 0.010117916293982412 0.0073836322913585668 0.0033190900832865931
leaf_weight=527.44285107403994 6.7485297769308081 10.142082147300242 64.0256078094244 22.783703848719597 297.11251725256443 102.80193354934454 2.4060267657041541
leaf_count=1414 28 46 161 38 691 256 8
internal_value=0.00113795 -0.0109495 -0.00168842 0.00220322 0.000216389 0.0152083 -0.0627854
internal_weight=1033.46 83.3222 70.7741 950.141 824.555 125.586 12.5481
internal_count=2642 243 189 2399 2105 294 54
is_linear=0
shrinkage=0.05


Tree=79
num_leaves=7
num_cat=0
split_feature=53 47 33 55 39 39
split_gain=5.39821 17.672 18.7021 10.9545 16.73 12.0054
threshold=1.6902951002120974 -1.7649768590927122 1.1658416986465456 2.9831246137619023 0.83936819434165966 0.90396025776863109
decision_type=2 2 2 2 2 2
left_child=3 -2 -3 5 -5 -1
right_child=1 2 -4 4 -6 -7
leaf_value=-0.0043091760657796938 0.047637891598020933 -0.064299439202737729 0.00045228034666769184 0.031193918032798515 -0.01230647827982418 0.0078427536087215307
leaf_weight=555.69863663613796 9.4937105774879438 19.447429560124874 25.785193964838982 69.898700751364231 32.127231076359749 320.43119598180056
leaf_count=1486 18 80 70 142 87 759
internal_value=0.00108141 -0.0141894 -0.0272767 0.0019409 0.0174469 0.000129501
internal_weight=1032.88 54.7263 45.2326 978.156 102.026 876.13
internal_count=2642 168 150 2474 229 2245
is_linear=0
shrinkage=0.05


Tree=80
num_leaves=7
num_cat=0
split_feature=48 48 57 48 42 21
split_gain=5.08051 7.69813 21.4267 13.3543 6.11219 3.16594
threshold=-1.490038990974426 -0.87910813093185414 93.853500366210952 -0.626194268465042 -0.00050760500016622234 -89.499999999999986
decision_type=2 2 2 2 2 2
left_child=4 2 -2 -3 -1 -6
right_child=1 3 -4 -5 5 -7
leaf_value=-0.07502491709662823 0.01567468961652399 -0.013753773029710462 -0.063129601808193908 0.0024432370007012047 -0.031099675803164969 0.037457934328094182
leaf_weight=4.8052380606532097 155.94766712188721 155.50147622823715 9.1103577613830549 700.14252974838018 3.8876989707350731 2.9635913521051389
leaf_count=23 352 430 35 1782 14 6
internal_value=0.00102752 0.00140705 0.0112948 -0.000494502 -0.0317769 -0.000714634
internal_weight=1032.36 1020.7 165.058 855.644 11.6565 6.85129
internal_count=2642 2599 387 2212 43 20
is_linear=0
shrinkage=0.05


Tree=81
num_leaves=6
num_cat=0
split_feature=41 7 57 33 27
split_gain=5.23289 7.49957 21.1766 8.07982 4.58553
threshold=-0.97707042098045338 1.0000000180025095e-35 25.691409111022953 1.4626554250717165 68656.000000000015
decision_type=2 2 2 2 2
left_child=4 3 -3 -2 -1
right_child=1 2 -4 -5 -6
leaf_value=-0.07814280295909172 -2.7231461516105486e-06 -0.057852650596736735 0.055711882995046529 0.033678661963221362 0.010157873174525276
leaf_weight=3.8785860762000075 984.68231493979692 5.2977892756462124 17.788480326533318 18.128213420510292 2.2198394984006882
leaf_count=19 2533 20 28 35 7
internal_value=0.000975641 0.00125489 0.0294348 0.000601163 -0.0451813
internal_weight=1032 1025.9 23.0863 1002.81 6.09843
internal_count=2642 2616 48 2568 26
is_linear=0
shrinkage=0.05


Tree=82
num_leaves=7
num_cat=0
split_feature=60 35 34 9 2 9
split_gain=5.01927 7.28373 11.2093 6.41385 13.9468 12.1814
threshold=-2604170.1249999995 -1.4421172738075254 0.068784900009632124 3194400.5000000005 398340.50000000006 3241519.5000000005
decision_type=2 2 2 2 2 2
left_child=1 -1 -3 4 -2 -5
right_child=3 2 -4 5 -6 -7
leaf_value=-0.081311776180625295 -0.0013211772115150713 0.054631461824707489 -0.07025007072754029 0.043835416276591571 -0.081679202631069009 0.0040694979800909815
leaf_weight=4.5226486101746559 584.35330723971128 4.0679417252540571 3.2181981205940247 20.249262392520905 5.4531359970569602 409.80124604701996
leaf_count=20 1508 7 16 35 24 1032
internal_value=0.00092694 -0.0314669 0 0.00130693 -0.00207262 0.00595353
internal_weight=1031.67 11.8088 7.28614 1019.86 589.806 430.051
internal_count=2642 43 23 2599 1532 1067
is_linear=0
shrinkage=0.05


Tree=83
num_leaves=7
num_cat=0
split_feature=34 38 34 1 10 21
split_gain=5.03278 12.1143 11.6718 15.6959 11.402 9.90134
threshold=-0.20358330756425855 -1.6473282575607298 -0.32059003412723536 112224.50000000001 0.00057794500025920581 49.500000000000007
decision_type=2 2 2 2 2 2
left_child=2 -2 4 -4 -1 -3
right_child=1 5 3 -5 -6 -7
leaf_value=0.0042351020976901721 -0.079181182960120999 0.0026013832528609965 0.044595113036630912 -0.030170936845469638 -0.021932466827034935 -0.013614246212770149
leaf_weight=483.46687158197165 5.1647931337356559 321.40459945052862 33.990525498986244 8.7638332769274694 45.516233921051025 132.96975373476744
leaf_count=1167 23 833 59 27 132 401
internal_value=0.000879983 -0.00300984 0.00401521 0.0291525 0.00197407 -0.00213301
internal_weight=1031.28 459.539 571.737 42.7544 528.983 454.374
internal_count=2642 1257 1385 86 1299 1234
is_linear=0
shrinkage=0.05


Tree=84
num_leaves=6
num_cat=0
split_feature=23 57 55 18 18
split_gain=5.03063 14.8323 12.5278 10.4504 10.3081
threshold=57.500000000000007 3.4820641279220585 -0.14244264364242551 298.50000000000006 354.50000000000006
decision_type=2 2 2 2 2
left_child=1 -1 -3 -2 -5
right_child=3 2 -4 4 -6
leaf_value=-0.069570611488283529 -0.087033062488651031 0.016509846774732984 -0.0021579856088683996 0.073174352592827271 -0.0018092103068325354
leaf_weight=6.4426335394382468 3.5743022561073294 174.7230289131403 184.22318218648434 4.613269791007041 657.14114212989807
leaf_count=33 15 386 471 6 1731
internal_value=0.000835792 0.00555266 0.00691496 -0.00174713 -0.00127892
internal_weight=1030.72 365.389 358.946 665.329 661.754
internal_count=2642 890 857 1752 1737
is_linear=0
shrinkage=0.05


Tree=85
num_leaves=7
num_cat=0
split_feature=34 33 28 35 36 3
split_gain=4.98577 11.8253 10.3973 20.054 8.22215 5.22464
threshold=1.4731222391128542 1.1658416986465456 427.81250000000006 -1.4003447890281675 1.8342363834381106 -7163.9999999999991
decision_type=2 2 2 2 2 2
left_child=2 5 4 -4 -1 -2
right_child=1 -3 3 -5 -6 -7
leaf_value=0.0028780468546657657 0.091383642766892217 -0.032107531295398506 -0.038498356038325021 0.00035544636744702321 -0.058276121318982882 0.025797237830202675
leaf_weight=850.24372033029795 5.3142593801021585 5.8956708908081046 47.877729021012783 107.59215368330479 5.5253757685422888 7.7875457108020791
leaf_count=2126 6 19 163 292 20 16
internal_value=0.000793324 0.0261739 0.000311571 -0.0115776 0.00247735 0.0527815
internal_weight=1030.24 18.9975 1011.24 155.47 855.769 13.1018
internal_count=2642 41 2601 455 2146 22
is_linear=0
shrinkage=0.05


Tree=86
num_leaves=8
num_cat=0
split_feature=6 6 28 48 31 19 10
split_gain=4.94922 16.8012 18.3048 14.8554 16.8508 13.4517 12.6341
threshold=-27321162.999999996 -42415871.999999993 541.56250000000011 -0.626194268465042 -2.9265574216842647 48724.949218750007 -0.00095230498118326057
decision_type=2 2 2 2 2 2 2
left_child=1 6 -3 4 -2 -5 -1
right_child=3 2 -4 5 -6 -7 -8
leaf_value=-0.021220544725422171 0.05984303844695426 -0.093297683631225564 0.051218477602649463 0.039939931843382043 -0.061624933729227276 -0.046830061663562343 0.0021540329713967657
leaf_weight=61.77047798037529 3.8746053427457801 9.1850396543741208 2.8290583044290534 38.131532490253448 10.574709355831144 5.0085138827562323 898.52998869866133
leaf_count=191 6 38 5 71 37 18 2276
internal_value=0.000753703 -8.47286e-05 -0.0588511 0.0149962 -0.0287071 0.0297501 0.000645277
internal_weight=1029.9 972.315 12.0141 57.5894 14.4493 43.14 960.3
internal_count=2642 2510 43 132 43 89 2467
is_linear=0
shrinkage=0.05


Tree=87
num_leaves=8
num_cat=0
split_feature=36 57 55 34 35 2 17
split_gain=4.94142 26.5313 12.289 12.1986 11.2096 7.10036 5.03653
threshold=-2.0082706212997432 13.940465450286867 -4.6183679103851309 -1.4580752253532407 -2.4903277158737178 87059.500000000015 26623.500000000004
decision_type=2 2 2 2 2 2 2
left_child=1 2 -1 -3 6 -6 -2
right_child=4 3 -4 -5 5 -7 -8
leaf_value=0.040303641816303852 -0.091907835364103421 -0.01962228002918838 -0.044027204401298169 0.047753955770218223 -0.003002438392526265 0.0060066123393654122 -0.0022134651227349823
leaf_weight=5.3777185827493694 4.806909665465354 8.0216098725795728 21.024851441383362 38.499937072396278 607.74370539188385 341.58692763000727 2.493168517947197
leaf_count=11 20 25 73 63 1596 846 8
internal_value=0.000715799 0.0132631 -0.0266612 0.0360289 -0.000235456 0.00023392 -0.0619598
internal_weight=1029.55 72.9241 26.4026 46.5215 956.631 949.331 7.30008
internal_count=2642 172 84 88 2470 2442 28
is_linear=0
shrinkage=0.05


Tree=88
num_leaves=8
num_cat=0
split_feature=37 26 28 1 40 39 30
split_gain=4.78554 7.74762 16.2047 6.17552 15.2806 10.1851 1.88097
threshold=-3.0982687473297115 0.096535615622997298 -1457.7499999999998 254183.50000000003 -1.9854427576065061 2.0798554420471196 16.982560157775882
decision_type=2 2 2 2 2 2 2
left_child=1 6 -3 5 -5 -2 -1
right_child=3 2 -4 4 -6 -7 -8
leaf_value=0.032194602781807753 -0.00097807360692408877 0.038424342619592988 -0.10153179026815287 -0.085620862804459102 -0.0063734124847776219 0.013437953174601357 0.074345338958833593
leaf_weight=6.7906862944364565 796.01596009731293 5.8813149929046631 3.1774236410856229 6.7904568761587134 60.560183584690094 144.72881140559912 5.1584495157003403
leaf_count=14 2075 11 13 30 169 324 6
internal_value=0.000679643 0.0243007 -0.0101144 0.00018244 -0.0144376 0.00123444 0.0508095
internal_weight=1029.1 21.0079 9.05874 1008.1 67.3506 940.745 11.9491
internal_count=2642 44 24 2598 199 2399 20
is_linear=0
shrinkage=0.05


Tree=89
num_leaves=8
num_cat=0
split_feature=38 3 33 27 39 36 49
split_gain=4.96055 20.6389 35.3981 15.2376 12.7183 10.4486 4.16388
threshold=-1.3114500641822813 9780.0000000000018 -0.57986259460449208 68656.000000000015 -1.6493504643440244 -0.30400028824806208 0.49216429889202123
decision_type=2 2 2 2 2 2 2
left_child=1 2 -1 -3 6 -6 -2
right_child=4 3 -4 -5 5 -7 -8
leaf_value=-0.0079877606571129908 -0.080640339513948917 -0.089727342358702569 0.044216012437595625 -0.0085535198515949325 0.011945362668193873 -0.00074342829533258919 0
leaf_weight=240.59265569597483 5.9857949912548047 11.846990168094637 37.534568935632706 11.582915619015692 246.66892727464437 472.09866315126419 2.3360147029161453
leaf_count=645 26 49 65 32 570 1247 8
internal_value=0.000645708 -0.00473954 -0.00092464 -0.0498113 0.00288609 0.00360419 -0.0585368
internal_weight=1028.65 301.557 278.127 23.4299 727.089 718.768 8.32181
internal_count=2642 791 710 81 1851 1817 34
is_linear=0
shrinkage=0.05


Tree=90
num_leaves=8
num_cat=0
split_feature=53 37 56 55 39 39 0
split_gain=4.75587 22.5763 16.6523 10.1056 15.3871 10.1528 3.15496
threshold=1.6902951002120974 1.9062546491622927 84.246677398681655 2.9831246137619023 0.83936819434165966 0.90396025776863109 164962.00000000003
decision_type=2 2 2 2 2 2 2
left_child=3 6 -3 5 -5 -1 -2
right_child=1 2 -4 4 -6 -7 -8
leaf_value=-0.0044124207690765813 -0.075805318858837609 -0.021370063940484279 0.044836466216984679 0.029549024925444908 -0.012222553913932817 0.0067902436675566407 -0.012303907726813272
leaf_weight=553.63802675902843 12.657585069537161 22.626687243580818 16.325323790311813 69.652917370200157 32.055493414402008 318.59084925800562 2.5436771512031546
leaf_count=1486 59 70 29 142 87 759 10
internal_value=0.00061223 -0.0138011 0.00624964 0.00141878 0.0163347 -0.000314796 -0.0655083
internal_weight=1028.09 54.1533 38.952 973.937 101.708 872.229 15.2013
internal_count=2642 168 99 2474 229 2245 69
is_linear=0
shrinkage=0.05


Tree=91
num_leaves=6
num_cat=0
split_feature=41 52 48 20 3
split_gain=4.76926 6.33637 12.4778 7.94069 4.74067
threshold=-0.97707042098045338 81.759834289550795 0.82368183135986339 33991.085937500007 20021.000000000004
decision_type=2 2 2 2 2
left_child=4 3 -3 -2 -1
right_child=1 2 -4 -5 -6
leaf_value=-0.075922389346886832 -0.0074920476855874817 0.025622029354900534 -0.053441980112576504 0.0026857886873538741 0.01590869798457761
leaf_weight=3.9673690050840369 263.33684048801661 48.717789500951767 5.5249364972114554 703.77716623991728 2.0532077103853226
leaf_count=20 708 98 20 1790 6
internal_value=0.000580801 0.000847157 0.0174767 -8.03787e-05 -0.0437746
internal_weight=1027.38 1021.36 54.2427 967.114 6.02058
internal_count=2642 2616 118 2498 26
is_linear=0
shrinkage=0.05


Tree=92
num_leaves=7
num_cat=0
split_feature=38 1 53 33 36 3
split_gain=4.66158 8.79441 14.3001 7.30111 13.322 7.1056
threshold=2.4668239355087285 79381.000000000015 0.7702288329601289 1.4247043728828432 1.5623488426208498 20021.000000000004
decision_type=2 2 2 2 2 2
left_child=3 -2 -3 5 -5 -1
right_child=1 2 -4 4 -6 -7
leaf_value=0.0015961144125806088 -0.086516487770038272 0.064124184412786403 -0.031404955077985158 0.036715827893459438 -0.052858415921160695 -0.013748220381679969
leaf_weight=885.73036729544401 4.2376708090305355 5.2258840799331692 15.521451480686663 29.11890672147274 4.8004207611083975 82.457999736070633
leaf_count=2249 18 9 55 55 17 239
internal_value=0.000551542 -0.0207714 -0.00710187 0.00108816 0.0238915 0.000284114
internal_weight=1027.09 24.985 20.7473 1002.11 33.9193 968.188
internal_count=2642 82 64 2560 72 2488
is_linear=0
shrinkage=0.05


Tree=93
num_leaves=8
num_cat=0
split_feature=9 60 37 9 26 36 60
split_gain=4.62823 7.34047 7.03844 6.57438 5.57103 5.24536 4.12654
threshold=8877248.0000000019 -2502216.6249999995 -1.5959298014640806 8443077.0000000019 0.06757140159606935 0.33632865548133856 -2561010.2499999995
decision_type=2 2 2 2 2 2 2
left_child=3 2 -2 4 -1 -3 -5
right_child=1 5 -4 6 -6 -7 -8
leaf_value=0.0077102979463747404 0.02021156723048792 0.053666402113624792 -0.073658858271008043 0.0080903723858027406 -0.0015951743743858858 0.0013888628362802701 -0.070964263512689599
leaf_weight=202.05900052189827 4.4889390170574188 13.873156696558 3.5214076265692729 2.2481919676065445 787.65600781142712 7.6408070921897879 5.2659089490771285
leaf_count=505 11 20 18 7 2035 19 27
internal_value=0.00052346 0.0200337 -0.0204304 -4.91524e-05 0.000299567 0.0353321 -0.046646
internal_weight=1026.75 29.5243 8.01035 997.229 989.715 21.514 7.5141
internal_count=2642 68 29 2574 2540 39 34
is_linear=0
shrinkage=0.05


Tree=94
num_leaves=8
num_cat=0
split_feature=6 6 48 31 19 10 36
split_gain=4.67752 14.9346 13.1394 15.3369 12.1592 11.3832 10.1913
threshold=-27321162.999999996 -42415871.999999993 -0.626194268465042 -2.9265574216842647 48724.949218750007 -0.00095230498118326057 0.88217279314994823
decision_type=2 2 2 2 2 2 2
left_child=1 5 3 -2 -4 -1 -3
right_child=2 6 4 -5 -6 -7 -8
leaf_value=-0.0204508401488976 0.057669502533256457 -0.091284122854886088 0.038021906987547607 -0.058324217177771559 -0.04489623457538048 0.0018023217753182234 0.0035464182684784192
leaf_weight=61.398663125932217 3.8710862398147574 7.5277041643857938 37.906053438782692 10.519098758697508 4.9521849602460852 895.70500004291534 4.3844958990812302
leaf_count=191 6 31 71 37 18 2276 12
internal_value=0.000497664 -0.000317762 0.0143873 -0.0267734 0.0283242 0.000369547 -0.0559603
internal_weight=1026.26 969.016 57.2484 14.3902 42.8582 957.104 11.9122
internal_count=2642 2510 132 43 89 2467 43
is_linear=0
shrinkage=0.05


Tree=95
num_leaves=7
num_cat=0
split_feature=20 45 40 23 1 9
split_gain=4.61001 21.7648 20.3493 15.3282 13.8389 13.2541
threshold=102815.95703125001 0.17605055123567584 3.1180169582366948 466.50000000000006 20133.500000000004 7963493.0000000009
decision_type=2 2 2 2 2 2
left_child=2 5 3 -1 -3 -2
right_child=1 4 -4 -5 -6 -7
leaf_value=0.0055822241581144384 -0.02222234518723714 -0.032398331479516637 -0.087630533548167855 -0.065854291310687416 0.008639761940741876 0.015138919995619574
leaf_weight=540.72903488576412 156.66518726944923 22.233045473694801 6.0445528626441947 7.6056652665138236 264.77069378644228 27.812443040311337
leaf_count=1326 458 74 26 29 659 70
internal_value=0.000472523 -0.00315638 0.00356781 0.00458225 0.00544328 -0.0165625
internal_weight=1025.86 471.481 554.379 548.335 287.004 184.478
internal_count=2642 1261 1381 1355 733 528
is_linear=0
shrinkage=0.05


Tree=96
num_leaves=8
num_cat=0
split_feature=38 3 33 6 39 36 53
split_gain=4.5256 18.2858 31.9643 15.4258 11.5272 9.30352 4.15923
threshold=-1.3114500641822813 9780.0000000000018 -0.57986259460449208 1.0000000180025095e-35 -1.6493504643440244 -0.30400028824806208 0.6601901948451997
decision_type=2 2 2 2 2 2 2
left_child=1 2 -1 -3 6 -6 -2
right_child=4 3 -4 -5 5 -7 -8
leaf_value=-0.007824645093801293 -0.077920641295264575 -0.066948137147115214 0.041936724988321961 0.037288629617226038 0.011155189456039483 -0.00083562709489056483 0.00047730070381270706
leaf_weight=240.15969923138618 5.9971359223127347 18.874296203255657 37.275205574929714 4.3052682727575293 245.92102942615747 470.78731562942266 2.1813038736581802
leaf_count=645 27 73 65 8 570 1247 7
internal_value=0.000448179 -0.00470378 -0.00112086 -0.047372 0.00259162 0.00327175 -0.0563995
internal_weight=1025.5 300.614 277.435 23.1796 724.887 716.708 8.17844
internal_count=2642 791 710 81 1851 1817 34
is_linear=0
shrinkage=0.05


Tree=97
num_leaves=8
num_cat=0
split_feature=40 2 38 29 39 23 2
split_gain=4.9449 15.7458 19.9634 19.2235 11.3189 20.2412 9.38059
threshold=1.7660155296325686 63384.000000000007 -1.3955113291740415 36.811017990112312 2.2328541278839116 317.50000000000006 87059.500000000015
decision_type=2 2 2 2 2 2 2
left_child=4 2 -2 -3 6 -6 -1
right_child=1 3 -4 -5 5 -7 -8
leaf_value=-0.0071438094032048515 -0.04782422033502777 0.0021466563204000206 0.041070903431932926 -0.089676047607419596 0.024043711054767658 -0.019466938562785651 0.0049331381580985448
leaf_weight=514.89077074825764 7.1979764848947516 78.443580605089664 49.126272976398468 6.140389919281005 99.27299327403307 36.455775529146194 233.31009308993816
leaf_count=1405 23 203 88 26 202 106 589
internal_value=0.000425479 0.0091277 0.0296217 -0.00446012 -0.000956096 0.0123202 -0.00337119
internal_weight=1024.84 140.908 56.3242 84.584 883.93 135.729 748.201
internal_count=2642 340 111 229 2302 308 1994
is_linear=0
shrinkage=0.05


Tree=98
num_leaves=8
num_cat=0
split_feature=9 21 47 14 25 20 18
split_gain=4.60413 12.0674 13.2323 12.5789 12.0655 12.3759 4.27278
threshold=3194400.5000000005 8753.5000000000018 1.5355533361434939 14.750000000000002 84160.000000000015 498712.75000000006 70624.500000000015
decision_type=2 2 2 2 2 2 2
left_child=4 2 -2 -3 5 -1 -6
right_child=1 3 -4 -5 6 -7 -8
leaf_value=-0.0029004629846769393 0.0053481986291887777 -0.010476731069591287 0.06274455350411462 -0.091901746957994357 -0.088865928733119215 0.040833192980250739 -0.0098776696284159846
leaf_weight=560.79126167297363 390.4319613724947 32.218566082417965 10.328659519553183 5.6089370548725119 5.4043045639991742 16.647935017943382 2.7272355407476425
leaf_count=1467 972 98 17 23 23 33 9
internal_value=0.000404425 0.00428228 0.00683993 -0.0226823 -0.00249152 -0.00163094 -0.062989
internal_weight=1024.16 438.588 400.761 37.8275 585.571 577.439 8.13154
internal_count=2642 1110 989 121 1532 1500 32
is_linear=0
shrinkage=0.05


Tree=99
num_leaves=6
num_cat=0
split_feature=40 1 40 49 48
split_gain=4.58327 12.4503 8.33599 18.956 7.6828
threshold=-3.2800765037536617 152635.00000000003 -2.3843506574630733 -0.76598435640335072 -1.490038990974426
decision_type=2 2 2 2 2
left_child=1 -1 3 -2 -4
right_child=2 -3 4 -5 -6
leaf_value=0.057172830171255407 0.022764993240823213 -0.032078331700199386 -0.042562316729744989 -0.068634056672328511 0.0011007087524137038
leaf_weight=11.208836421370508 9.7716289684176463 5.9214711785316458 10.176581710577009 13.32313586771488 973.57312206923962
leaf_count=17 22 19 41 50 2493
internal_value=0.000383214 0.0260293 -4.81586e-05 -0.0297457 0.000643946
internal_weight=1023.97 17.1303 1006.84 23.0948 983.75
internal_count=2642 36 2606 72 2534
is_linear=0
shrinkage=0.05


end of trees

feature_importances:
Agg._OI=40
vol_regime=39
stoch_k=39
z_btc_4=37
z_bid_trades=32
z_btc_20=23
z_btc_10=22
Buy_Qty=21
z_cvd_20=21
Candle_Delta=20
z_cvd_4=20
z_oi=20
btc_CVD=20
Bid_Trades=19
atr=18
Agg._Funding_Rate=17
Sell_Qty=16
z_bid_qty=15
pull_ema8=14
CVD=11
Ask_Qty=10
Bid_USD=10
Ask_USD=10
total_qty=10
z_cvd_10=10
cvd_delta=9
z_delta_qty=9
Delta_Qty=8
btc_cvd_mom=8
pull_ema50=8
Ask_Trades=7
macro_score=7
Delta_USD=6
z_ask_qty=6
pull_ema21=6
z_ls=5
funding=5
Candle=4
ema_slow=4
ema_8=4
Long/Short_Ratio_(Account)=3
Bid_Qty=3
z_ask_trades=3
rsi=3
Price_Low=2
ema_21=2
Whale_Ind=1
Mid_Price=1
ema_fast=1
ema_50=1

parameters:
[boosting: gbdt]
[objective: binary]
[metric: binary_logloss]
[tree_learner: serial]
[device_type: cpu]
[data_sample_strategy: bagging]
[data: ]
[valid: ]
[num_iterations: 100]
[learning_rate: 0.05]
[num_leaves: 31]
[num_threads: 1]
[seed: 42]
[deterministic: 0]
[force_col_wise: 0]
[force_row_wise: 0]
[histogram_pool_size: -1]
[max_depth: 3]
[min_data_in_leaf: 10]
[min_sum_hessian_in_leaf: 0.001]
[bagging_fraction: 0.8]
[pos_bagging_fraction: 1]
[neg_bagging_fraction: 1]
[bagging_freq: 0]
[bagging_seed: 400]
[bagging_by_query: 0]
[feature_fraction: 0.8]
[feature_fraction_bynode: 1]
[feature_fraction_seed: 30056]
[extra_trees: 0]
[extra_seed: 12879]
[early_stopping_round: 0]
[early_stopping_min_delta: 0]
[first_metric_only: 0]
[max_delta_step: 0]
[lambda_l1: 0.1]
[lambda_l2: 0]
[linear_lambda: 0]
[min_gain_to_split: 0]
[drop_rate: 0.1]
[max_drop: 50]
[skip_drop: 0.5]
[xgboost_dart_mode: 0]
[uniform_drop: 0]
[drop_seed: 17869]
[top_rate: 0.2]
[other_rate: 0.1]
[min_data_per_group: 100]
[max_cat_threshold: 32]
[cat_l2: 10]
[cat_smooth: 10]
[max_cat_to_onehot: 4]
[top_k: 20]
[monotone_constraints: ]
[monotone_constraints_method: basic]
[monotone_penalty: 0]
[feature_contri: ]
[forcedsplits_filename: ]
[refit_decay_rate: 0.9]
[cegb_tradeoff: 1]
[cegb_penalty_split: 0]
[cegb_penalty_feature_lazy: ]
[cegb_penalty_feature_coupled: ]
[path_smooth: 0]
[interaction_constraints: ]
[verbosity: -1]
[saved_feature_importance_type: 0]
[use_quantized_grad: 0]
[num_grad_quant_bins: 4]
[quant_train_renew_leaf: 0]
[stochastic_rounding: 1]
[linear_tree: 0]
[max_bin: 63]
[max_bin_by_feature: ]
[min_data_in_bin: 3]
[bin_construct_sample_cnt: 200000]
[data_random_seed: 175]
[is_enable_sparse: 1]
[enable_bundle: 1]
[use_missing: 1]
[zero_as_missing: 0]
[feature_pre_filter: 1]
[pre_partition: 0]
[two_round: 0]
[header: 0]
[label_column: ]
[weight_column: ]
[group_column: ]
[ignore_column: ]
[categorical_feature: ]
[forcedbins_filename: ]
[precise_float_parser: 0]
[parser_config_file: ]
[objective_seed: 16083]
[num_class: 1]
[is_unbalance: 0]
[scale_pos_weight: 4.20079]
[sigmoid: 1]
[boost_from_average: 1]
[reg_sqrt: 0]
[alpha: 0.9]
[fair_c: 1]
[poisson_max_delta_step: 0.7]
[tweedie_variance_power: 1.5]
[lambdarank_truncation_level: 30]
[lambdarank_norm: 1]
[label_gain: ]
[lambdarank_position_bias_regularization: 0]
[eval_at: ]
[multi_error_top_k: 1]
[auc_mu_weights: ]
[num_machines: 1]
[local_listen_port: 12400]
[time_out: 120]
[machine_list_filename: ]
[machines: ]
[gpu_platform_id: -1]
[gpu_device_id: -1]
[gpu_use_dp: 0]
[num_gpu: 1]

end of parameters

pandas_categorical:[]
