tree
version=v4
num_class=1
num_tree_per_iteration=1
label_index=0
max_feature_idx=60
objective=binary sigmoid:1
feature_names=Candle Buy_Qty Sell_Qty Candle_Delta Agg._Liq_Long Agg._Liq_Short CVD Long/Short_Ratio_(Account) Whale_Ind Agg._OI Agg._Funding_Rate RSI Net_Shorts Net_Longs Price_Low Price_High Mid_Price Bid_Qty Ask_Qty Bid_USD Ask_USD Delta_Qty Delta_USD Bid_Trades Ask_Trades total_qty atr cvd_delta btc_cvd_mom ema_fast ema_slow macro_score macro z_cvd_4 z_btc_4 z_cvd_10 z_btc_10 z_cvd_20 z_btc_20 vol_regime z_oi z_ls funding liq_long_5 liq_short_5 z_bid_qty z_ask_qty z_delta_qty z_bid_trades z_ask_trades ema_8 ema_21 ema_50 pull_ema8 pull_ema21 pull_ema50 rsi stoch_k liq_long_5_mean liq_short_5_mean btc_CVD
feature_infos=[286:231029] [989.52301025390625:777909.9375] [412.71200561523438:873228.9375] [-117535.421875:125793.1875] [0:63238112] [0:47074460] [-78995848:45805.8671875] [0:6.256129264831543] [0:5.878699779510498] [0:2465641.75] [-0.021792000159621239:0.0049029998481273651] [0:90.650001525878906] [0:1108390.875] [0:1879190.375] [110.5:4824.5] [111.5:4825.5] [111:4825] [0:15335.279296875] [0:22085.826171875] [0:11538169] [0:20105252] [-11558.35546875:5070.81689453125] [-10281356:14825817] [0:4504] [0:5068] [0:7976.4619140625] [0.3407135009765625:93.4285888671875] [-389736:219936] [-14834.75:14222.9375] [127.72859191894531:4709.85888671875] [130.34054565429688:4635.43701171875] [-31.774791717529297:23.940212249755859] [-1:1] [-1.5:1.4998741149902344] [-1.49959397315979:1.4994522333145142] [-2.8378274440765381:2.8025455474853516] [-2.8082542419433594:2.8172879219055176] [-4.1296119689941406:3.9585475921630859] [-4.090031623840332:4.1899876594543457] [-2.5076103210449219:5.9070487022399902] [-5.2987627983093262:5.9594531059265137] [-5.4998126029968262:4.1416997909545898] [-0.021792000159621239:0.0049029998481273651] [0:96668568] [0:94148232] [-1.9609682559967041:2.7574920654296875] [-1.8896406888961792:2.814082145690918] [-2.8224062919616699:2.7862088680267334] [-1.8361427783966064:2.6885743141174316] [-2.5254502296447754:2.7948501110076904] [113.34007263183594:4793.93408203125] [122.78060150146484:4779.8427734375] [123.86279296875:4762.11279296875] [-4.5255203247070312:4.6879115104675293] [-5.7477836608886719:6.1977510452270508] [-6.6473355293273926:7.2063727378845215] [2.3952007293701172:96.464256286621094] [0.29041796922683716:100] [0:77307424] [0:69080608] [-2642255:470958.21875]
tree_sizes=654 865 870 973 969 865 868 975 971 976 867 981 667 763 973 665 961 662 663 866 978 979 974 972 664 985 663 665 871 980 766 771 977 881 987 874 668 877 878 650 669 975 874 958 979 666 872 975 773 672 678 778 883 873 873 988 976 984 676 871 668 958 670 882 979 870 771 978 672 884 881 881 880 774 761 882 880 676 885 777 986 992 772 774 881 661 878 674 979 993 877 674 976 977 878 881 778 889 980 983

Tree=0
num_leaves=5
num_cat=0
split_feature=11 26 39 11
split_gain=29.7003 27.329 28.3484 26.8635
threshold=83.204998016357436 11.202471256256105 -0.52033188939094532 37.539999008178718
decision_type=2 2 2 2
left_child=1 3 -3 -1
right_child=-2 2 -4 -5
leaf_value=-1.2315821193166721 -1.1663082765358812 -1.3656811209334683 -1.2896560019939101 -1.2809746277865206
leaf_weight=40.124061435461044 5.8939748108386985 14.651494354009627 79.856074392795563 92.160574644804001
leaf_count=128 13 76 324 362
internal_value=-1.27778 -1.2807 -1.30139 -1.26596
internal_weight=232.686 226.792 94.5076 132.285
internal_count=903 890 400 490
is_linear=0
shrinkage=1


Tree=1
num_leaves=7
num_cat=0
split_feature=48 56 10 49 37 13
split_gain=26.2409 24.0857 26.7798 16.513 13.6962 6.89526
threshold=1.8220543265342715 82.337902069091811 8.2499998825369416e-05 2.4234634637832646 2.8626043796539311 1231340.2500000002
decision_type=2 2 2 2 2 2
left_child=1 2 -1 5 -3 -2
right_child=3 4 -4 -5 -6 -7
leaf_value=0.090581326448312224 -0.063129140175440801 0.10149039729662822 0.047719207394849868 0.092875463739063122 0.18184423344163037 0.05135320272535783
leaf_weight=164.21674244105816 5.6396818011999112 13.042886674404146 47.565538302063942 3.729422852396965 9.5493685007095319 1.6680416762828825
leaf_count=586 33 44 201 13 19 7
internal_value=0.0827222 0.0862721 0.0809783 0.0068861 0.135676 -0.0363135
internal_weight=245.412 234.375 211.782 11.0371 22.5923 7.30772
internal_count=903 850 787 53 63 40
is_linear=0
shrinkage=0.05


Tree=2
num_leaves=7
num_cat=0
split_feature=48 41 10 13 49 7
split_gain=21.4612 21.8231 30.0917 26.6434 14.3811 6.71764
threshold=1.8220543265342715 0.59813651442527782 -0.00016699999832781029 430792.32812500006 2.4234634637832646 2.8113188743591313
decision_type=2 2 2 2 2 2
left_child=1 2 -1 -3 5 -2
right_child=4 3 -4 -5 -6 -7
leaf_value=0.1031619979273114 -0.06243647221618738 0.094921224357312525 0.0620532467799816 0.025211590462061929 0.083756734229061672 0.050758492260657144
leaf_weight=110.87120202183723 5.4815122932195646 22.061440780758858 75.820957630872726 36.942158207297325 3.9232959300279617 1.6749258786439893
leaf_count=339 33 70 284 157 13 7
internal_value=0.0750051 0.0780766 0.0864934 0.0513608 0.00644175 -0.0352451
internal_weight=256.775 245.696 186.692 59.0036 11.0797 7.15644
internal_count=903 850 623 227 53 40
is_linear=0
shrinkage=0.05


Tree=3
num_leaves=8
num_cat=0
split_feature=10 46 33 49 6 49 6
split_gain=17.9823 36.6582 24.6265 33.0153 24.5402 23.8879 5.34848
threshold=0.00054950002231635164 -0.52784147858619679 1.452237665653229 -0.49890369176864618 -51447807.999999993 1.523302495479584 -1536318.3124999998
decision_type=2 2 2 2 2 2 2
left_child=2 6 3 -1 -4 -3 -2
right_child=1 5 4 -5 -6 -7 -8
leaf_value=0.08809066857111704 -0.064774756880286874 0.090184731400161089 0.041403536291941712 0.048234490303336292 0.15142839964489657 -0.062608479054763383 0.022159837817894868
leaf_weight=101.70980054140091 7.9172502756118774 18.892800554633144 7.2397854626178768 108.01914019882679 18.049021169543266 2.9188295304775229 2.1789261251688021
leaf_count=310 44 60 27 397 39 17 9
internal_value=0.0684624 0.0329557 0.0732618 0.0675869 0.120128 0.0695087 -0.0455176
internal_weight=266.926 31.9078 235.018 209.729 25.2888 21.8116 10.0962
internal_count=903 130 773 707 66 77 53
is_linear=0
shrinkage=0.05


Tree=4
num_leaves=8
num_cat=0
split_feature=31 19 40 49 33 14 11
split_gain=16.6993 25.9365 29.5906 26.9543 25.5337 34.9019 20.717
threshold=-2.5065568685531612 160182.82812500003 -1.042596101760864 -0.59252470731735218 1.439375162124634 3217.0000000000005 83.204998016357436
decision_type=2 2 2 2 2 2 2
left_child=1 3 -3 -1 6 -6 -2
right_child=4 2 -4 -5 5 -7 -8
leaf_value=0.068666100184820153 0.040288396777557051 0.015494108000576327 0.11219320010889543 -0.040020797039324693 0.1074986889608795 -0.065181126214783766 0.12997350669003746
leaf_weight=23.056443229317669 138.96079477667809 9.3932900577783567 54.678866058588028 7.5173303484916678 32.430057033896446 3.1791904717683783 6.8128551542758933
leaf_count=73 508 37 138 37 81 17 12
internal_value=0.0628211 0.0799557 0.0980947 0.0417792 0.0538527 0.0919414 0.0445142
internal_weight=276.029 94.6459 64.0722 30.5738 181.383 35.6092 145.774
internal_count=903 285 175 110 618 98 520
is_linear=0
shrinkage=0.05


Tree=5
num_leaves=7
num_cat=0
split_feature=48 41 11 30 39 14
split_gain=16.2741 16.2542 23.7674 22.1219 13.3251 11.6197
threshold=1.8220543265342715 0.59813651442527782 29.690000534057621 3322.5632324218755 1.8245735764503481 1211.0000000000002
decision_type=2 2 2 2 2 2
left_child=1 2 -1 -3 5 -2
right_child=4 3 -4 -5 -6 -7
leaf_value=0.10593746352325717 0.050709028427200535 0.049141001869870748 0.059757138775950493 -0.040770045616949496 0.11361461438430474 -0.064367241850072754
leaf_weight=33.614989623427391 3.3043855875730497 56.805917844176292 174.17513354122639 7.7167272716760626 2.1305824369192115 6.3630130738019943
leaf_count=79 12 189 544 38 5 36
internal_value=0.0579219 0.0604128 0.067252 0.0383104 4.9062e-06 -0.0245162
internal_weight=284.111 272.313 207.79 64.5226 11.798 9.6674
internal_count=903 850 623 227 53 48
is_linear=0
shrinkage=0.05


Tree=6
num_leaves=7
num_cat=0
split_feature=56 23 23 10 24 7
split_gain=15.0739 20.4389 24.3963 16.8402 12.5885 9.04819
threshold=82.337902069091811 774.50000000000011 153.00000000000003 -0.00044450000859796995 130.50000000000003 1.0034229755401614
decision_type=2 2 2 2 2 2
left_child=1 2 -1 -3 -2 -6
right_child=4 3 -4 -5 5 -7
leaf_value=0.038945915255642026 -0.0060434094111787 0.061447854575945704 0.07152851986412169 -0.017111404128696991 0.12488885326706507 0.064555196897220751
leaf_weight=119.60342489182949 3.1031874567270306 10.532977521419527 112.47921727597713 19.222734287381172 14.958590611815454 11.450100362300871
leaf_count=401 12 33 315 84 27 31
internal_value=0.0536139 0.0497514 0.0547587 0.0105291 0.0877128 0.0989191
internal_weight=291.35 261.838 232.083 29.7557 29.5119 26.4087
internal_count=903 833 716 117 70 58
is_linear=0
shrinkage=0.05


Tree=7
num_leaves=8
num_cat=0
split_feature=10 46 49 49 9 33 6
split_gain=13.4143 29.1583 18.0344 17.6317 32.7607 22.2924 4.69438
threshold=0.00054950002231635164 -0.52784147858619679 1.523302495479584 -0.49890369176864618 808500.15625000012 1.452237665653229 -1536318.3124999998
decision_type=2 2 2 2 2 2 2
left_child=3 6 -3 4 -1 -5 -2
right_child=1 2 -4 5 -6 -7 -8
leaf_value=0.096950636091734696 -0.066215834797333492 0.066895378647731804 -0.063484412824320116 0.033207165159028315 0.044930072264068727 0.091625470407031825 0.011888930273775781
leaf_weight=53.633549645543098 8.268616855144499 21.407789871096615 2.9884727299213401 119.30567260086536 70.788164526224136 19.082815229892731 2.3736144602298728
leaf_count=120 44 60 17 397 214 42 9
internal_value=0.0497859 0.0204937 0.0507193 0.0536722 0.0673944 0.0412988 -0.0483257
internal_weight=297.849 35.0385 24.3963 262.81 124.422 138.388 10.6422
internal_count=903 130 77 773 334 439 53
is_linear=0
shrinkage=0.05


Tree=8
num_leaves=8
num_cat=0
split_feature=41 11 57 31 31 39 10
split_gain=12.6276 20.1658 21.7385 19.9658 23.3969 17.6725 16.3216
threshold=0.59813651442527782 29.690000534057621 14.31133556365967 -5.7383170127868643 4.3605344295501718 0.18316527456045154 -0.0003785000008065253
decision_type=2 2 2 2 2 2 2
left_child=1 6 -3 5 -5 -2 -1
right_child=3 2 -4 4 -6 -7 -8
leaf_value=0.11374897296997921 0.019462212430890361 0.0012153121582349135 0.0519118305273224 -0.004694828255235599 0.066893387651012021 0.13297828179427734 0.045138684343263485
leaf_weight=21.923164114356041 6.4429125636816007 24.362827196717262 170.8714063167572 41.853101432323456 15.638577431440352 7.6226010918617249 14.844049751758574
leaf_count=38 22 91 492 163 43 12 42
internal_value=0.0463742 0.0520628 0.0456111 0.027861 0.0146912 0.0813361 0.0861849
internal_weight=303.559 232.001 195.234 71.5572 57.4917 14.0655 36.7672
internal_count=903 663 583 240 206 34 80
is_linear=0
shrinkage=0.05


Tree=9
num_leaves=8
num_cat=0
split_feature=31 13 40 37 17 45 23
split_gain=12.2047 20.4268 19.6001 19.438 18.347 26.5533 18.299
threshold=-1.8410543799400327 1029523.7500000001 2.2551231384277348 -1.9178300499916074 120.29700088500978 -0.19452273100614545 1050.5000000000002
decision_type=2 2 2 2 2 2 2
left_child=4 3 -3 -2 5 -1 -6
right_child=1 2 -4 -5 6 -7 -8
leaf_value=0.045641580528190784 0.001393486631943579 -0.019575251993154064 0.077528108008143373 0.050498743690429462 0.0798727642770313 -0.069699458742743955 -0.02383411167899703
leaf_weight=48.072775319218636 24.101755142211914 26.489459857344627 6.4643085151910773 129.92794935405254 63.624760240316391 5.5363135337829581 4.4804273992776862
leaf_count=140 89 106 15 363 143 27 20
internal_value=0.0432972 0.0352032 -0.000375442 0.0428475 0.0556906 0.0336368 0.0729768
internal_weight=308.698 186.983 32.9538 154.03 121.714 53.6091 68.1052
internal_count=903 573 121 452 330 167 163
is_linear=0
shrinkage=0.05


Tree=10
num_leaves=7
num_cat=0
split_feature=56 23 23 47 24 7
split_gain=11.7471 15.3794 18.5212 15.4899 10.322 6.72876
threshold=82.337902069091811 774.50000000000011 153.00000000000003 -0.43722926080226893 130.50000000000003 1.0034229755401614
decision_type=2 2 2 2 2 2
left_child=1 2 -1 -3 -2 -6
right_child=4 3 -4 -5 5 -7
leaf_value=0.027973184864214896 -0.013258680400275686 0.032885333023300246 0.055321200230812696 -0.038853873858365556 0.10030523831312249 0.050224273384811627
leaf_weight=127.93567083775997 3.2842425853014019 18.765641406178478 122.05177184939384 12.539000704884527 16.410654962062839 12.273481383919714
leaf_count=401 12 61 315 56 27 31
internal_value=0.0405085 0.037206 0.0413454 0.00399064 0.069411 0.0790507
internal_weight=313.26 281.292 249.987 31.3046 31.9684 28.6841
internal_count=903 833 716 117 70 58
is_linear=0
shrinkage=0.05


Tree=11
num_leaves=8
num_cat=0
split_feature=10 46 49 9 39 20 36
split_gain=11.2487 23.6295 14.9294 24.4901 19.9878 13.8286 4.64783
threshold=0.00054950002231635164 -0.52784147858619679 -0.49890369176864618 808500.15625000012 -1.1274421811103819 579346.21875000012 -2.0624099969863887
decision_type=2 2 2 2 2 2 2
left_child=2 6 3 -1 -4 -3 -2
right_child=1 5 4 -5 -6 -7 -8
leaf_value=0.078016020718648993 0.0081614817731866744 0.11032044778420221 -0.035569648480326378 0.034574610220374224 0.035506327787388124 0.019237427022331777 -0.067721931175978411
leaf_weight=58.130723193287849 2.5088917016983023 5.2722128331661251 10.593780383467672 74.888903811573982 136.59495788812637 20.959378510713577 8.3838651627302152
leaf_count=120 10 9 44 214 395 68 43
internal_value=0.0379731 0.0119205 0.0414069 0.0535965 0.0303567 0.0377346 -0.0497849
internal_weight=317.333 37.1243 280.208 133.02 147.189 26.2316 10.8928
internal_count=903 130 773 334 439 77 53
is_linear=0
shrinkage=0.05


Tree=12
num_leaves=5
num_cat=0
split_feature=11 31 51 19
split_gain=10.9456 13.8513 22.3818 16.9878
threshold=83.204998016357436 -1.5173586606979368 1885.0930786132815 160182.82812500003
decision_type=2 2 2 2
left_child=1 3 -3 -1
right_child=-2 2 -4 -5
leaf_value=0.018761701695791867 0.090826582011167195 0.041729307263420286 0.0063284485522601035 0.058136067351191582
leaf_weight=39.493272587656975 8.8511712253093702 94.66344390809536 85.223012179136276 92.68112613260746
leaf_count=123 13 256 289 222
internal_value=0.0356564 0.0340756 0.0249856 0.046409
internal_weight=320.912 312.061 179.886 132.174
internal_count=903 890 545 345
is_linear=0
shrinkage=0.05


Tree=13
num_leaves=6
num_cat=0
split_feature=48 50 26 14 1
split_gain=10.893 13.3029 12.0368 9.60557 5.04049
threshold=1.8220543265342715 141.87781524658206 11.202471256256105 1211.0000000000002 91493.453125000015
decision_type=2 2 2 2 2
left_child=1 -1 -3 -2 -5
right_child=3 2 -4 4 -6
leaf_value=-0.074582443087015907 0.043912085485016183 0.044866668539195319 0.024750349892901268 -0.066673456049831159 0.024320168952565877
leaf_weight=2.6955549120903006 4.8868227303028098 178.09606009721756 130.34322698414326 6.2146779745817167 1.9215229600667951
leaf_count=12 14 449 389 33 6
internal_value=0.0335255 0.0354045 0.0363819 -0.010983 -0.044569
internal_weight=324.158 311.135 308.439 13.023 8.1362
internal_count=903 850 838 53 39
is_linear=0
shrinkage=0.05


Tree=14
num_leaves=8
num_cat=0
split_feature=39 39 12 47 23 12 18
split_gain=10.57 22.2279 28.4669 21.9739 18.1442 17.8923 17.1674
threshold=0.18316527456045154 2.0666793584823613 376328.70312500006 0.059193704277277 774.50000000000011 309721.87500000006 243.57249450683597
decision_type=2 2 2 2 2 2 2
left_child=3 5 -3 6 -5 -2 -1
right_child=1 2 -4 4 -6 -7 -8
leaf_value=-0.04107890764402336 0.067126183954225135 -0.026882535709035718 0.057722623960835731 0.045112064961957035 -0.040861313830730814 0.026340435873104934 0.015695058222051413
leaf_weight=17.181761831045151 73.352183058857918 23.36998425424099 17.265762060880661 87.158574879169464 6.5405850261449805 43.237274914979935 58.992260962724686
leaf_count=69 156 86 40 219 29 124 180
internal_value=0.0315527 0.0409357 0.00894239 0.022839 0.0390574 0.0520436 0.00282352
internal_weight=327.098 157.225 40.6357 169.873 93.6992 116.589 76.174
internal_count=903 406 126 497 248 280 249
is_linear=0
shrinkage=0.05


Tree=15
num_leaves=5
num_cat=0
split_feature=44 44 31 31
split_gain=10.4525 14.3096 15.6226 11.9467
threshold=41808350.000000007 2829923.3750000005 10.545784473419191 -1.8410543799400327
decision_type=2 2 2 2
left_child=1 3 -3 -1
right_child=-2 2 -4 -5
leaf_value=0.045893614019547335 0.091793329790784306 -0.00086363642740241173 0.1168211634347826 0.024298107371178736
leaf_weight=110.38906031847 6.7186446487903586 52.908380940556526 2.9744751304388037 156.63861875236034
leaf_count=268 11 172 4 448
internal_value=0.0297325 0.0284257 0.0053109 0.0332444
internal_weight=329.629 322.911 55.8829 267.028
internal_count=903 892 176 716
is_linear=0
shrinkage=0.05


Tree=16
num_leaves=8
num_cat=0
split_feature=34 40 14 41 14 11 34
split_gain=10.6783 13.6723 12.4151 10.7425 19.5347 17.016 7.05299
threshold=1.457700312137604 0.15571160614490512 2183.0000000000005 0.59813651442527782 1272.5000000000002 29.690000534057621 1.4806585311889651
decision_type=2 2 2 2 2 2 2
left_child=3 6 -3 5 -5 -1 -2
right_child=1 2 -4 4 -6 -7 -8
leaf_value=0.060812345721129174 0.10292774628874211 0.056707865307222098 -0.075035612673930302 0.0890886125283082 0.00010171364929467702 0.024510632401636295 0.036943598830844596
leaf_weight=39.062742367386818 12.642309188842779 4.2013305425643912 3.1130063086748123 6.8165785521268836 65.946945771574974 193.91070193052292 6.3699413090944281
leaf_count=78 18 9 14 11 217 541 15
internal_value=0.0280326 0.0587328 0 0.0253727 0.00850683 0.0306188 0.0810831
internal_weight=332.064 26.3266 7.31434 305.737 72.7635 232.973 19.0123
internal_count=903 56 23 847 228 619 33
is_linear=0
shrinkage=0.05


Tree=17
num_leaves=5
num_cat=0
split_feature=11 37 33 47
split_gain=9.76039 12.7328 14.1475 4.58117
threshold=83.204998016357436 3.4506002664566044 1.439375162124634 0.25720417499542242
decision_type=2 2 2 2
left_child=1 2 -1 -3
right_child=-2 3 -4 -5
leaf_value=0.022498125170997113 0.077933179330339331 -0.076609348580373271 0.055041957763410657 0.011566944299769162
leaf_weight=280.48816299438477 9.0556530952453596 4.092686489224433 38.23016245663166 2.1608830690383911
leaf_count=783 13 18 82 7
internal_value=0.0264706 0.0250212 0.0264174 -0.045341
internal_weight=334.028 324.972 318.718 6.25357
internal_count=903 890 865 25
is_linear=0
shrinkage=0.05


Tree=18
num_leaves=5
num_cat=0
split_feature=5 5 43 39
split_gain=9.33992 13.5191 26.979 10.9992
threshold=20669511.000000004 3157732.2500000005 19940908.000000004 2.0666793584823613
decision_type=2 2 2 2
left_child=1 3 -3 -1
right_child=-2 2 -4 -5
leaf_value=0.029940867411682628 0.10045967814132861 -0.06187713126468064 0.062632582539502865 0.00055499936770056816
leaf_weight=276.57576787471771 4.0927750319242469 12.084212258458139 6.7715385109186164 36.380146637558937
leaf_count=720 5 51 14 113
internal_value=0.0250031 0.0240573 -0.0168976 0.0265408
internal_weight=335.904 331.812 18.8558 312.956
internal_count=903 898 65 833
is_linear=0
shrinkage=0.05


Tree=19
num_leaves=7
num_cat=0
split_feature=48 56 10 24 16 40
split_gain=9.1176 9.45409 12.01 8.68399 7.98321 4.70259
threshold=1.8220543265342715 82.337902069091811 -0.00036799999361392105 130.50000000000003 1211.5000000000002 1.1467210054397585
decision_type=2 2 2 2 2 2
left_child=1 2 -1 -3 -2 -6
right_child=4 3 -4 -5 5 -7
leaf_value=0.033086626635842699 0.03197778975437874 -0.022276788853539675 0.012720316721775288 0.060512834447806058 -0.068559237639098866 0.016570221904897136
leaf_weight=139.6011113524437 5.1497280001640311 3.4712512642145184 152.69898726046085 28.337913379073143 6.2792022675275785 2.0707100480794907
leaf_count=344 14 12 443 51 32 7
internal_value=0.0236288 0.0253118 0.0224643 0.051321 -0.0164085 -0.046849
internal_weight=337.609 324.109 292.3 31.8092 13.4996 8.34991
internal_count=903 850 787 63 53 39
is_linear=0
shrinkage=0.05


Tree=20
num_leaves=8
num_cat=0
split_feature=39 47 20 39 12 12 34
split_gain=9.25359 18.3 19.1408 17.6061 24.6024 15.4535 15.2011
threshold=0.18316527456045154 0.059193704277277 1072424.1250000002 2.0666793584823613 376328.70312500006 309721.87500000006 -0.98730149865150441
decision_type=2 2 2 2 2 2 2
left_child=1 6 -3 5 -5 -2 -1
right_child=3 2 -4 4 -6 -7 -8
leaf_value=-0.051159046295498771 0.054361322005173587 0.035050158493955083 -0.050327572535875192 -0.030354596334194135 0.047181224119182887 0.017189526117828664 0.0065570792378760543
leaf_weight=13.831547841429709 76.236778631806374 90.438996031880379 7.0324106812477103 23.802711293101311 17.928455099463463 44.89113886654377 64.769720658659935
leaf_count=54 156 219 29 86 40 124 195
internal_value=0.0223568 0.0143581 0.028839 0.0309737 0.00283636 0.0406264 -0.00353568
internal_weight=338.932 176.073 97.4714 162.859 41.7312 121.128 78.6013
internal_count=903 497 248 406 126 280 249
is_linear=0
shrinkage=0.05


Tree=21
num_leaves=8
num_cat=0
split_feature=10 46 33 31 13 38 45
split_gain=8.84928 19.1219 12.6419 16.3969 14.79 11.3822 3.93603
threshold=0.00054950002231635164 -0.52784147858619679 1.452237665653229 -1.8410543799400327 1090855.1875000002 1.5154820084571841 -1.0671085715293882
decision_type=2 2 2 2 2 2 2
left_child=2 6 3 -1 -4 -3 -2
right_child=1 5 4 -5 -6 -7 -8
leaf_value=0.033374980246925999 -0.0009511297362281945 -0.014977954103305295 0.069437103425660396 0.0085148936829694318 -0.0156252952408239 0.048956783554479744 -0.070974438250733823
leaf_weight=128.15842662751675 2.779050648212432 12.111302316188814 26.888449460268021 138.90992966294289 6.1970127075910559 16.084555342793465 8.9050934463739377
leaf_count=307 10 41 45 400 21 36 43
internal_value=0.0211646 -0.000843322 0.0241054 0.0204633 0.0533535 0.0213168 -0.0547475
internal_weight=340.034 39.88 300.154 267.068 33.0855 28.1959 11.6841
internal_count=903 130 773 707 66 77 53
is_linear=0
shrinkage=0.05


Tree=22
num_leaves=8
num_cat=0
split_feature=41 30 11 57 29 10 1
split_gain=8.42769 14.1799 13.3035 16.8307 12.916 11.9926 5.30458
threshold=0.59813651442527782 3322.5632324218755 29.690000534057621 3.9175212383270268 3246.4680175781255 -0.0003785000008065253 66192.453125000015
decision_type=2 2 2 2 2 2 2
left_child=2 4 5 -4 -2 -1 -3
right_child=1 6 3 -5 -6 -7 -8
leaf_value=0.072736502763147484 0.0078359088342691841 -0.073215651375701032 -0.077839968598381923 0.021475069195550898 0.095514167480503953 0.017219899204138946 0.014559910991548295
leaf_weight=24.649295553565025 66.719621732831001 7.1080939918756467 4.3317056894302359 214.94677981734276 4.5024297833442679 16.521433189511299 2.1540010720491409
leaf_count=38 192 33 19 564 8 42 7
internal_value=0.0200479 0.00582466 0.024424 0.0194904 0.0134489 0.0505796 -0.0522627
internal_weight=340.933 80.4841 260.449 219.278 71.2221 41.1707 9.2621
internal_count=903 240 663 583 200 80 40
is_linear=0
shrinkage=0.05


Tree=23
num_leaves=8
num_cat=0
split_feature=34 31 12 19 45 22 36
split_gain=8.33239 13.3166 16.5593 15.1829 10.4672 18.2282 5.16855
threshold=1.457700312137604 -1.5173586606979368 892632.34375000012 405811.45312500006 -0.67119738459587086 393142.71875000006 1.7574813365936282
decision_type=2 2 2 2 2 2 2
left_child=1 3 -3 -1 5 -2 -6
right_child=4 2 -4 -5 6 -7 -8
leaf_value=0.013075171156176419 0.065362814220617071 0.010206050336448978 -0.077770932716961311 0.046178382186339073 0.10132276298173204 -0.079807488755052752 0.045355588060849189
leaf_weight=76.936887994408607 4.8576222360134143 168.43556062877178 5.5138474851846686 63.857088729739189 7.0654397904872921 3.8964864164590836 11.246654808521269
leaf_count=208 8 479 24 136 8 17 23
internal_value=0.0189946 0.0166803 0.00738861 0.0281246 0.0457222 0.00017581 0.0672227
internal_weight=341.81 314.743 173.949 140.794 27.0662 8.75411 18.3121
internal_count=903 847 503 344 56 25 31
is_linear=0
shrinkage=0.05


Tree=24
num_leaves=5
num_cat=0
split_feature=11 37 37 7
split_gain=8.18543 10.2836 11.9966 3.66455
threshold=83.204998016357436 3.4506002664566044 3.1810842752456669 1.5903933048248293
decision_type=2 2 2 2
left_child=1 2 -1 -3
right_child=-2 3 -4 -5
leaf_value=0.015883606409664873 0.065238112970975801 -0.075482570333771926 0.063104148889024755 0.0020369164886269893
leaf_weight=313.15475216507912 9.0041485130786878 3.9869782030582419 14.141880482435225 2.2698491960763931
leaf_count=839 13 18 26 7
internal_value=0.0180044 0.0167143 0.0179392 -0.046561
internal_weight=342.558 333.553 327.297 6.25683
internal_count=903 890 865 25
is_linear=0
shrinkage=0.05


Tree=25
num_leaves=8
num_cat=0
split_feature=39 47 37 39 12 43 12
split_gain=8.26236 15.6922 24.1247 15.6087 21.636 15.4131 13.2238
threshold=0.18316527456045154 0.059193704277277 -1.8814530968666074 2.0666793584823613 376328.70312500006 1440632.0000000002 309721.87500000006
decision_type=2 2 2 2 2 2 2
left_child=1 5 -3 6 -5 -1 -2
right_child=3 2 -4 4 -6 -7 -8
leaf_value=0.0031566836731562772 0.046795538597181496 -0.0074537452053877358 0.042913574424950966 -0.032298373247524804 0.039974374204219468 -0.054666790058907677 0.012627353269879217
leaf_weight=65.580357298254967 77.225170001387596 39.273904204368591 59.663737431168556 23.969878450036049 18.225859820842743 13.950891867280005 45.44666887819767
leaf_count=194 156 118 130 86 40 55 124
internal_value=0.0170651 0.00956476 0.0228694 0.0251538 -0.000962674 -0.00692349 0.0341779
internal_weight=343.336 178.469 98.9376 164.868 42.1957 79.5312 122.672
internal_count=903 497 248 406 126 249 280
is_linear=0
shrinkage=0.05


Tree=26
num_leaves=5
num_cat=0
split_feature=5 5 43 26
split_gain=8.32272 11.7065 23.0757 9.31403
threshold=20669511.000000004 3157732.2500000005 19940908.000000004 11.202471256256105
decision_type=2 2 2 2
left_child=1 3 -3 -1
right_child=-2 2 -4 -5
leaf_value=0.024427354963522642 0.086926624442674683 -0.064533816905759947 0.049253687237898955 0.0068932955272496647
leaf_weight=195.21051399409771 4.138430342078208 12.113033995032312 7.0043598264455786 125.28447864949703
leaf_count=476 5 51 14 357
internal_value=0.0161894 0.0153127 -0.022582 0.0175887
internal_weight=343.751 339.612 19.1174 320.495
internal_count=903 898 65 833
is_linear=0
shrinkage=0.05


Tree=27
num_leaves=5
num_cat=0
split_feature=44 44 31 31
split_gain=7.84894 10.9907 12.9816 9.63511
threshold=41808350.000000007 2829923.3750000005 10.545784473419191 -1.8410543799400327
decision_type=2 2 2 2
left_child=1 3 -3 -1
right_child=-2 2 -4 -5
leaf_value=0.02943625758447594 0.068178966469246302 -0.01132451512914491 0.093463783078533841 0.010519231114107795
leaf_weight=115.58978371322155 6.9406355470418921 54.49956102669239 3.1193577200174323 164.13158537447453
leaf_count=268 11 172 4 448
internal_value=0.0153556 0.014254 -0.00556474 0.0183542
internal_weight=344.281 337.34 57.6189 279.721
internal_count=903 892 176 716
is_linear=0
shrinkage=0.05


Tree=28
num_leaves=7
num_cat=0
split_feature=33 14 33 39 12 39
split_gain=8.14736 19.5791 12.1519 14.5925 11.7524 11.4129
threshold=1.439375162124634 3217.0000000000005 1.3112190961837771 0.97424408793449413 305119.67187500006 2.0666793584823613
decision_type=2 2 2 2 2 2
left_child=2 4 5 -4 -2 -1
right_child=1 -3 3 -5 -6 -7
leaf_value=0.019063134749460281 0.064346027934816682 -0.075639433128765143 -0.040016182869154926 0.025884753969523413 0.0073541548264500203 -0.013380239088525703
leaf_weight=234.15386368334293 26.512880071997643 3.6568006575107566 22.715812861919403 13.238457769155501 14.049420431256292 30.470059111714363
leaf_count=594 43 17 82 32 38 97
internal_value=0.0145663 0.034662 0.0115933 -0.0156122 0.0447292 0.0153086
internal_weight=344.797 44.2191 300.578 35.9543 40.5623 264.624
internal_count=903 98 805 114 81 691
is_linear=0
shrinkage=0.05


Tree=29
num_leaves=8
num_cat=0
split_feature=39 39 47 39 12 12 4
split_gain=7.96301 15.1579 14.4863 13.1025 19.5611 11.8468 3.00346
threshold=0.18316527456045154 0.062615195289254202 0.059193704277277 2.0666793584823613 376328.70312500006 309721.87500000006 2114404.7500000005
decision_type=2 2 2 2 2 2 2
left_child=1 2 -1 5 -5 -2 -3
right_child=3 6 -4 4 -6 -7 -8
leaf_value=-0.0063852116385086869 0.041922272079019704 -0.082447095505369938 0.022760910812297516 -0.032150720457321862 0.036481666625823451 0.0096782008185210926 -0.012277464517422988
leaf_weight=77.329661503434181 77.484808757901192 5.4064347296953192 94.451737478375435 23.855451449751854 18.366558030247688 45.77327972650528 2.3739168643951416
leaf_count=238 156 23 229 86 40 124 7
internal_value=0.013826 0.00649443 0.00961129 0.0217513 -0.00217724 0.0299886 -0.0616798
internal_weight=345.042 179.562 171.781 165.48 42.222 123.258 7.78035
internal_count=903 497 467 406 126 280 30
is_linear=0
shrinkage=0.05


Tree=30
num_leaves=6
num_cat=0
split_feature=48 11 37 33 36
split_gain=7.92335 8.02688 9.22048 7.35894 2.79931
threshold=1.8220543265342715 83.204998016357436 3.4506002664566044 -1.243844151496887 1.9092498421669009
decision_type=2 2 2 2 2
left_child=1 2 -1 -2 -5
right_child=3 -3 -4 4 -6
leaf_value=0.014594191040633414 0.019325065331527478 0.062520878562809176 -0.04693560186040921 -0.07164662087163963 -0.0029721096535259926
leaf_weight=316.40819498896599 5.7014254927635184 8.6015558540821058 6.1713153272867194 6.050083711743353 2.1715429127216339
leaf_count=813 17 12 25 29 7
internal_value=0.0131297 0.0146924 0.0134016 -0.0236831 -0.0541161
internal_weight=345.104 331.181 322.58 13.9231 8.22163
internal_count=903 850 838 53 36
is_linear=0
shrinkage=0.05


Tree=31
num_leaves=6
num_cat=0
split_feature=56 39 53 43 40
split_gain=7.21537 11.2899 10.7063 7.20204 9.74693
threshold=82.337902069091811 -1.6436870694160459 1.1540473103523257 1.0000000180025095e-35 0.26464800536632543
decision_type=2 2 2 2 2
left_child=1 -1 -3 -2 -5
right_child=3 2 -4 4 -6
leaf_value=-0.082168779865837177 0.064685008625011656 0.015705002252146338 -0.0075860169460408057 0.03401545364499392 -0.048609782147444908
leaf_weight=3.270829200744628 12.518029630184172 246.7235090136528 61.356165200471878 16.945973590016369 4.482701674103736
leaf_count=14 19 633 186 35 16
internal_value=0.0124641 0.0100549 0.0110502 0.0344143 0.0164976
internal_weight=345.297 311.351 308.08 33.9467 21.4287
internal_count=903 833 819 70 51
is_linear=0
shrinkage=0.05


Tree=32
num_leaves=8
num_cat=0
split_feature=33 31 12 19 12 31 34
split_gain=7.94737 12.681 14.993 12.6323 10.8727 22.6542 11.4204
threshold=1.439375162124634 -1.5173586606979368 727628.84375000012 405811.45312500006 333906.87500000006 1.5169681906700136 1.1766607165336611
decision_type=2 2 2 2 2 2 2
left_child=1 3 -3 -1 6 -6 -2
right_child=4 2 -4 -5 5 -7 -8
leaf_value=0.0060767089361633501 0.0034867693116757848 0.0021120730774378048 -0.081282826964523935 0.036024647144347284 0.054175933089950924 -0.081038741679507753 0.068235067958701365
leaf_weight=78.009691029787064 10.254999175667765 152.97328162193298 5.5850754827260962 64.915503486990929 6.7398114204406721 5.7180315554141998 21.30748239159584
leaf_count=208 28 436 24 137 13 25 32
internal_value=0.0118324 0.00891166 -0.000793903 0.0197138 0.0317223 -0.00748496 0.047356
internal_weight=345.504 301.484 158.558 142.925 44.0203 12.4578 31.5625
internal_count=903 805 460 345 98 38 60
is_linear=0
shrinkage=0.05


Tree=33
num_leaves=7
num_cat=0
split_feature=48 41 10 9 39 10
split_gain=7.32399 7.58599 12.8489 12.7118 6.98053 6.84471
threshold=1.8220543265342715 0.59813651442527782 -0.00016699999832781029 764893.53125000012 1.8245735764503481 1.0000000180025095e-35
decision_type=2 2 2 2 2 2
left_child=1 2 -1 -3 5 -2
right_child=4 3 -4 -5 -6 -7
leaf_value=0.026208022647492498 -0.070930237453939379 0.040490416398841295 0.0031567892979292647 -0.010582598553038853 0.050255221788501558 0.0086642640190623833
leaf_weight=151.22019344568253 7.1660550534725171 15.061446055769919 101.60427755117416 63.67366498708725 2.5124284029006949 4.168926477432251
leaf_count=339 35 33 284 194 5 13
internal_value=0.0112448 0.0127426 0.016964 -0.000749203 -0.0242577 -0.0412148
internal_weight=345.407 331.56 252.824 78.7351 13.8474 11.335
internal_count=903 850 623 227 53 48
is_linear=0
shrinkage=0.05


Tree=34
num_leaves=8
num_cat=0
split_feature=39 39 47 39 10 12 47
split_gain=7.23208 13.6759 12.5161 11.8065 17.9463 10.275 2.68961
threshold=0.18316527456045154 0.062615195289254202 0.059193704277277 2.0666793584823613 -0.00036799999361392105 309721.87500000006 0.99976500868797313
decision_type=2 2 2 2 2 2 2
left_child=1 2 -1 5 -5 -2 -3
right_child=3 6 -4 4 -6 -7 -8
leaf_value=-0.0082065080809649565 0.037207086267814445 -0.081177902559728815 0.018858552593046668 0.025068077785366735 -0.040281033057632837 0.0071532913405181094 -0.014434096732040559
leaf_weight=77.457205191254616 77.330161392688751 5.3510336875915518 94.785569712519646 23.158752366900444 19.19410240650177 45.708914279937744 2.377813458442688
leaf_count=238 156 23 229 54 72 124 7
internal_value=0.0106837 0.00371258 0.00665842 0.018239 -0.00442976 0.0260828 -0.0612908
internal_weight=345.364 179.972 172.243 165.392 42.3529 123.039 7.72885
internal_count=903 497 467 406 126 280 30
is_linear=0
shrinkage=0.05


Tree=35
num_leaves=7
num_cat=0
split_feature=33 15 39 9 44 48
split_gain=7.33169 10.3082 10.3128 8.51626 8.67836 8.27951
threshold=1.439375162124634 144.00000000000003 -1.6436870694160459 526384.18750000012 1889506.3750000002 -0.094346798956394182
decision_type=2 2 2 2 2 2
left_child=1 -1 -3 4 -2 -5
right_child=3 2 -4 5 -6 -7
leaf_value=-0.083203647564885311 0.075653163925585534 -0.080455682512517793 0.0093013291128002332 0.024354908606530334 0.0017273197581034268 -0.047705285006896567
leaf_weight=3.0999812036752692 13.713357716798784 3.2247628271579734 295.06050103902817 19.235769584774975 5.7846868485212317 4.9993804246187201
leaf_count=13 18 14 778 46 16 18
internal_value=0.0101545 0.00735628 0.0083142 0.0293242 0.0539773 0.00928356
internal_weight=345.118 301.385 298.285 43.7332 19.498 24.2352
internal_count=903 805 792 98 34 64
is_linear=0
shrinkage=0.05


Tree=36
num_leaves=5
num_cat=0
split_feature=44 59 14 59
split_gain=6.86108 10.7905 19.0993 11.374
threshold=41808350.000000007 3658927.7500000005 3266.0000000000005 3064203.5000000005
decision_type=2 2 2 2
left_child=1 3 -3 -1
right_child=-2 2 -4 -5
leaf_value=0.0094497165336164708 0.059342765563661172 -0.041282180496877464 0.038010072656909796 0.053718468783864118
leaf_weight=287.03675511479378 6.8415028750896445 25.086893677711487 10.835139006376265 15.348436400294302
leaf_count=749 11 89 26 28
internal_value=0.00964543 0.00862563 -0.0172261 0.0117132
internal_weight=345.149 338.307 35.922 302.385
internal_count=903 892 115 777
is_linear=0
shrinkage=0.05


Tree=37
num_leaves=7
num_cat=0
split_feature=33 10 47 38 29 12
split_gain=6.72619 10.1048 15.4777 13.2941 9.41367 8.61072
threshold=1.439375162124634 -0.00033850000181701029 1.11564177274704 2.2875709533691411 3139.0444335937505 305119.67187500006
decision_type=2 2 2 2 2 2
left_child=1 3 -3 -1 5 -2
right_child=4 2 -4 -5 -6 -7
leaf_value=0.018924668977823342 0.05301761444048067 0.0003182429830661376 -0.084913586723076834 -0.046686373783695563 -0.040231450775992605 0.0036546874571331449
leaf_weight=146.05924519896507 25.138480499386787 141.90292470157146 5.5300016254186621 8.1113267540931684 4.522819146513938 13.970320507884024
leaf_count=349 42 403 24 29 18 38
internal_value=0.00916159 0.00648541 -0.00284477 0.0154403 0.0275461 0.0355122
internal_weight=345.235 301.603 147.433 154.171 43.6316 39.1088
internal_count=903 805 427 378 98 80
is_linear=0
shrinkage=0.05


Tree=38
num_leaves=7
num_cat=0
split_feature=56 44 31 57 43 1
split_gain=6.86857 9.39999 15.7705 9.55502 6.86544 10.5729
threshold=82.337902069091811 2829923.3750000005 8.4629063606262225 74.500457763671889 1.0000000180025095e-35 38381.402343750007
decision_type=2 2 2 2 2 2
left_child=1 3 -3 -1 -2 -6
right_child=4 2 -4 -5 5 -7
leaf_value=0.016416666620659277 0.060003057380730224 -0.022693935940538867 0.063572483546545613 -0.0047448513877033499 0.046593263267714402 -0.024082804418785329
leaf_weight=184.3722492903471 12.346099749207495 46.692735224962234 5.9539059400558463 74.604356735944748 11.042794689536096 10.066513076424597
leaf_count=452 19 154 10 217 20 31
internal_value=0.00870685 0.00637518 -0.0128429 0.0103013 0.0302759 0.0126527
internal_weight=345.079 311.623 52.6466 258.977 33.4554 21.1093
internal_count=903 833 164 669 70 51
is_linear=0
shrinkage=0.05


Tree=39
num_leaves=5
num_cat=0
split_feature=11 37 37 21
split_gain=6.57677 7.17723 10.9843 3.16886
threshold=83.204998016357436 3.4506002664566044 3.1810842752456669 -100.86049652099608
decision_type=2 2 2 2
left_child=1 2 -1 -3
right_child=-2 3 -4 -5
leaf_value=0.0062214890252311047 0.051828922252457013 -0.075163738320274023 0.051378650898488337 0
leaf_weight=316.23639260232449 8.4911516010761243 3.7335604578256607 14.109206378459929 2.3534171581268302
leaf_count=839 13 17 26 8
internal_value=0.00827521 0.0071611 0.00816531 -0.0465165
internal_weight=344.924 336.433 330.346 6.08698
internal_count=903 890 865 25
is_linear=0
shrinkage=0.05


Tree=40
num_leaves=5
num_cat=0
split_feature=44 59 14 59
split_gain=6.54884 9.2081 17.6006 10.8731
threshold=41808350.000000007 3658927.7500000005 3266.0000000000005 1940732.3750000002
decision_type=2 2 2 2
left_child=1 3 -3 -1
right_child=-2 2 -4 -5
leaf_value=0.005489390148172975 0.056596252726783036 -0.040373009018169433 0.035770539433186151 0.031126726112844116
leaf_weight=252.7015405446291 6.7863672822713843 24.866361916065216 10.861888170242308 49.661316588521004
leaf_count=665 11 89 26 112
internal_value=0.00786268 0.00686968 -0.0170844 0.00971671
internal_weight=344.877 338.091 35.7283 302.363
internal_count=903 892 115 777
is_linear=0
shrinkage=0.05


Tree=41
num_leaves=8
num_cat=0
split_feature=34 47 57 31 12 28 34
split_gain=6.51382 9.58567 11.6576 9.38808 12.9981 12.8103 4.97141
threshold=1.457700312137604 -0.64149191975593556 95.912010192871108 -1.5173586606979368 892632.34375000012 -121.99999999999999 1.4806585311889651
decision_type=2 2 2 2 2 2 2
left_child=3 2 -2 5 -5 -1 -3
right_child=1 6 -4 4 -6 -7 -8
leaf_value=0.005344301728219124 -0.082652240203876404 0.067531668092010597 0.044166388676198889 0.0001685584788796537 -0.078074676076720501 0.038409486548705497 0.01233114367635299
leaf_weight=101.08922633528709 3.535989478230479 12.996514067053797 3.6708768457174301 170.3092588186264 5.4747619330883017 41.516195967793465 6.2968788444995871
leaf_count=259 15 19 7 479 24 85 15
internal_value=0.00747001 0.0313278 -0.0173623 0.00546857 -0.00223987 0.0150055 0.0497748
internal_weight=344.89 26.5003 7.20687 318.389 175.784 142.605 19.2934
internal_count=903 56 22 847 503 344 34
is_linear=0
shrinkage=0.05


Tree=42
num_leaves=7
num_cat=0
split_feature=48 41 3 54 33 34
split_gain=6.5079 6.71368 15.18 10.7334 6.49815 1.89436
threshold=1.8220543265342715 0.59813651442527782 -5096.8264160156241 -3.2288863658905025 -1.243844151496887 1.2459338307380678
decision_type=2 2 2 2 2 2
left_child=1 3 -3 -1 -2 -6
right_child=4 2 -4 -5 5 -7
leaf_value=0.050771475631797437 0.01321758647935967 -0.030224721555221396 0.014222152579209611 0.009692992761163222 -0.071348614550929751 -0.013918283789623193
leaf_weight=17.142750963568687 5.7593311071395874 32.789898961782455 46.261211380362511 234.72064165771008 5.7390304803848249 2.2271226644515991
leaf_count=29 17 108 119 594 28 8
internal_value=0.00710316 0.00851391 -0.00415088 0.0125088 -0.0265452 -0.0559203
internal_weight=344.64 330.915 79.0511 251.863 13.7255 7.96615
internal_count=903 850 227 623 53 36
is_linear=0
shrinkage=0.05


Tree=43
num_leaves=8
num_cat=0
split_feature=33 8 39 33 39 58 53
split_gain=6.45777 10.2878 9.79776 14.8009 11.2597 8.37359 5.77651
threshold=1.452237665653229 1.232499957084656 0.18316527456045154 1.3270342946052553 2.0666793584823613 1767.5494384765627 1.7407222390174868
decision_type=2 2 2 2 2 2 2
left_child=2 6 3 -1 -4 -3 -2
right_child=1 5 4 -5 -6 -7 -8
leaf_value=0.00096264804997123329 0.059942520319533725 0.055083738712423572 0.021807850067032473 -0.048638862494951578 -0.0094364280322746762 -0.032528262023118058 0
leaf_weight=142.11152878403664 18.182882681488994 3.7597965896129599 109.64946182072163 16.798002496361732 38.867998734116554 9.7931872904300672 5.2704747617244712
leaf_count=389 29 7 250 63 117 34 14
internal_value=0.00675101 0.0265106 0.00435619 -0.00424916 0.0135974 -0.00785449 0.0465823
internal_weight=344.433 37.0063 307.427 158.91 148.517 13.553 23.4534
internal_count=903 84 819 452 367 41 43
is_linear=0
shrinkage=0.05


Tree=44
num_leaves=8
num_cat=0
split_feature=26 39 52 19 23 21 5
split_gain=6.37939 13.9872 11.6989 10.7354 9.14585 17.6985 8.99129
threshold=11.202471256256105 -0.52033188939094532 2693.628540039063 567301.06250000012 814.50000000000011 -424.72903442382807 3157732.2500000005
decision_type=2 2 2 2 2 2 2
left_child=4 3 -3 -2 6 -6 -1
right_child=1 2 -4 -5 5 -7 -8
leaf_value=0.018760610710212164 -0.059426470439325474 -0.014062504419081258 0.017438645950413039 0.023092904721376512 0.0088302080837391831 -0.079030624699078414 -0.049525647078839656
leaf_weight=164.65325076878071 16.009467229247097 48.895116731524467 73.890399381518364 5.1275039017200461 22.94250272214413 7.6107641607522956 4.9277875870466223
leaf_count=381 63 147 184 13 63 34 18
internal_value=0.00642054 -0.00157735 0.00485367 -0.039172 0.012197 -0.0128921 0.0167468
internal_weight=344.057 143.922 122.786 21.137 200.134 30.5533 169.581
internal_count=903 407 331 76 496 97 399
is_linear=0
shrinkage=0.05


Tree=45
num_leaves=5
num_cat=0
split_feature=5 5 43 40
split_gain=6.15744 8.35682 18.7594 7.04081
threshold=20669511.000000004 3157732.2500000005 19940908.000000004 -1.042596101760864
decision_type=2 2 2 2
left_child=1 3 -3 -1
right_child=-2 2 -4 -5
leaf_value=-0.011190941968202332 0.06833941435847242 -0.064905877304071644 0.037762827667524368 0.010258206640677156
leaf_weight=44.189399942755699 3.9423671662807456 11.998910561203958 7.0069383531808844 276.54751148819923
leaf_count=129 5 51 14 704
internal_value=0.00610321 0.0053663 -0.0267916 0.00728747
internal_weight=343.685 339.743 19.0058 320.737
internal_count=903 898 65 833
is_linear=0
shrinkage=0.05


Tree=46
num_leaves=7
num_cat=0
split_feature=33 14 39 12 41 34
split_gain=5.97591 9.27532 8.27734 8.03622 11.1012 9.61975
threshold=1.439375162124634 143.00000000000003 0.18316527456045154 333906.87500000006 -1.0789013504981992 1.1766607165336611
decision_type=2 2 2 2 2 2
left_child=1 -1 -3 5 -5 -2
right_child=3 2 -4 4 -6 -7
leaf_value=-0.082965124575329424 -0.0021202347277003513 -0.003790629648211306 0.012886291418602614 0.041759363428090022 -0.05329172032454535 0.056931689318490408
leaf_weight=3.0793187618255606 10.186828911304476 154.67825403809547 142.808349147439 5.5336862206459045 6.8457750380039197 20.363155692815781
leaf_count=13 28 439 353 11 27 32
internal_value=0.00580048 0.00328868 0.00419831 0.0232701 -0.0103995 0.0370773
internal_weight=343.495 300.566 297.487 42.9294 12.3795 30.55
internal_count=903 805 792 98 38 60
is_linear=0
shrinkage=0.05


Tree=47
num_leaves=8
num_cat=0
split_feature=26 39 52 19 23 57 57
split_gain=6.02158 12.4259 10.5483 9.9364 8.25576 17.5045 10.8423
threshold=11.202471256256105 -0.52033188939094532 2693.628540039063 567301.06250000012 814.50000000000011 96.717403411865249 92.429271697998061
decision_type=2 2 2 2 2 2 2
left_child=4 3 -3 -2 6 -6 -1
right_child=1 2 -4 -5 5 -7 -8
leaf_value=0.019642532492102856 -0.057609034996882795 -0.014208163521863713 0.015728110484498917 0.021821850255408594 -0.031399390038252532 0.064957373219644968 -0.022866086831577745
leaf_weight=152.65083089470863 15.802755013108255 48.799549669027328 73.850352242588997 5.1373817175626746 24.54080538451672 5.8125088065862647 16.53002093732357
leaf_count=348 63 147 184 13 87 10 51
internal_value=0.00551512 -0.00226408 0.0037764 -0.037883 0.0111383 -0.0127828 0.0154596
internal_weight=343.124 143.59 122.65 20.9401 199.534 30.3533 169.181
internal_count=903 407 331 76 496 97 399
is_linear=0
shrinkage=0.05


Tree=48
num_leaves=6
num_cat=0
split_feature=31 18 9 31 21
split_gain=6.0157 8.82121 13.9543 7.97626 5.95795
threshold=-11.453738689422606 47.046501159667976 492807.65625000006 -2.5065568685531612 -55.38850021362304
decision_type=2 2 2 2 2
left_child=4 2 -2 -3 -1
right_child=1 3 -4 -5 -6
leaf_value=-0.011013839580978076 0.018209409613089242 0.020878680169450017 -0.036396167762850463 0.0019716567885989661 0.056550042121177951
leaf_weight=4.5399150997400275 18.747374460101128 77.71027460694313 30.753196001052856 200.25765791535378 10.656579434871672
leaf_count=13 47 176 101 549 17
internal_value=0.00524429 0.00380008 -0.0156144 0.0072754 0.0360365
internal_weight=342.665 327.469 49.5006 277.968 15.1965
internal_count=903 873 148 725 30
is_linear=0
shrinkage=0.05


Tree=49
num_leaves=5
num_cat=0
split_feature=44 44 0 19
split_gain=5.828 7.84512 10.8124 7.31788
threshold=41808350.000000007 4819553.5000000009 52849.000000000007 1469807.0625000002
decision_type=2 2 2 2
left_child=1 3 -3 -1
right_child=-2 2 -4 -5
leaf_value=0.0095825769982108341 0.051543084841195623 -0.062790864145343905 -0.0014711183106545275 -0.015255304755595681
leaf_weight=264.68725042045116 6.6101917475461951 9.7275499254465085 28.231635451316833 33.256792768836021
leaf_count=664 11 40 81 107
internal_value=0.00498497 0.00405388 -0.0173168 0.00679337
internal_weight=342.513 335.903 37.9592 297.944
internal_count=903 892 121 771
is_linear=0
shrinkage=0.05


Tree=50
num_leaves=5
num_cat=0
split_feature=11 48 50 49
split_gain=5.86476 7.0902 22.8185 11.5841
threshold=83.204998016357436 -0.83698388934135426 381.12329101562506 -0.49890369176864618
decision_type=2 2 2 2
left_child=1 2 -1 -3
right_child=-2 3 -4 -5
leaf_value=0.038394315696676493 0.046766314272641843 0.020445970205917055 -0.030691179313192065 -0.00078343001792640092
leaf_weight=16.388087376952171 8.1235765218734723 102.30141925811768 43.821566507220268 171.65414679050446
leaf_count=31 13 236 144 479
internal_value=0.00473681 0.00370011 -0.0118042 0.00712587
internal_weight=342.289 334.165 60.2097 273.956
internal_count=903 890 175 715
is_linear=0
shrinkage=0.05


Tree=51
num_leaves=6
num_cat=0
split_feature=12 59 12 39 10
split_gain=5.74917 18.0374 11.4577 13.4782 11.4705
threshold=892632.34375000012 1661.4215087890627 490478.35937500006 2.8262426853179936 -0.00033850000181701029
decision_type=2 2 2 2 2
left_child=2 -2 3 -1 -4
right_child=1 -3 4 -5 -6
leaf_value=0.0050822587298375334 0.033071253866854645 -0.088272974387451825 0.046114688617156042 -0.041085609302932674 -0.022083362000144303
leaf_weight=275.78590506315231 5.8940171152353269 6.2890380173921585 29.537721619009972 16.756964772939682 7.6827228069305411
leaf_count=723 13 27 56 60 24
internal_value=0.00450474 -0.0291577 0.00576355 0.00242065 0.0319035
internal_weight=341.946 12.1831 329.763 292.543 37.2204
internal_count=903 40 863 783 80
is_linear=0
shrinkage=0.05


Tree=52
num_leaves=7
num_cat=0
split_feature=41 15 29 38 36 54
split_gain=5.6403 11.9554 14.7551 10.2589 11.4958 5.70187
threshold=0.59813651442527782 1273.5000000000002 1650.4262695312502 -2.8734465837478633 -2.1823037862777706 -3.2288863658905025
decision_type=2 2 2 2 2 2
left_child=3 -2 -3 5 -5 -1
right_child=1 2 -4 4 -6 -7
leaf_value=0.075782115192129837 0.054246848671071823 -0.072037413915121459 -0.0046406260229948501 -0.064622747423516369 0.0068128472737017448 0.019505267235498266
leaf_weight=7.9538733810186413 7.2131729722023001 9.3037033230066282 65.696808367967606 5.7598110735416403 234.72091457247734 11.119468197226523
leaf_count=10 12 36 192 21 606 26
internal_value=0.00427997 -0.00710097 -0.0130678 0.00790414 0.00508108 0.0432357
internal_weight=341.768 82.2137 75.0005 259.554 240.481 19.0733
internal_count=903 240 228 663 627 36
is_linear=0
shrinkage=0.05


Tree=53
num_leaves=7
num_cat=0
split_feature=33 14 31 12 28 14
split_gain=5.63614 14.8037 8.56809 11.9352 11.1279 5.43083
threshold=1.452237665653229 3217.0000000000005 -1.5173586606979368 727628.84375000012 -121.99999999999999 2630.5000000000005
decision_type=2 2 2 2 2 2
left_child=2 5 4 -4 -1 -2
right_child=1 -3 3 -5 -6 -7
leaf_value=0.0017763292394735921 0.023580160716124635 -0.074197373517959325 -0.0034138611532239572 -0.079134851024028299 0.032628213991829837 0.077567238080383752
leaf_weight=100.15156222879887 26.989479660987854 3.5267865806818 158.17323087155819 5.3920966684818259 41.499083116650581 5.7972618192434302
leaf_count=259 60 17 450 24 86 7
internal_value=0.00406897 0.0227027 0.00183561 -0.00594065 0.0108502 0.0332785
internal_weight=341.53 36.3135 305.216 163.565 141.651 32.7867
internal_count=903 84 819 474 345 67
is_linear=0
shrinkage=0.05


Tree=54
num_leaves=7
num_cat=0
split_feature=56 39 21 33 21 7
split_gain=5.63305 10.8854 8.63614 22.9837 11.5537 5.72502
threshold=82.337902069091811 2.0666793584823613 -1758.9560546874998 1.4615803360939028 -1418.6344604492185 1.0034229755401614
decision_type=2 2 2 2 2 2
left_child=2 5 3 -1 -4 -2
right_child=1 -3 4 -5 -6 -7
leaf_value=-0.080497230358716115 0.053392281595876494 -0.050528670021903678 0.065544220692625041 0.042833980432911915 0.0021324547213787204 0.0065530721535755135
leaf_weight=10.013938412070276 17.00410203635693 4.2282259464263907 7.3784740865230551 6.008204609155654 285.45342434942722 11.011979743838308
leaf_count=44 27 15 13 11 765 28
internal_value=0.00386984 0.0237686 0.00177622 -0.0339367 0.00374731 0.0351602
internal_weight=341.098 32.2443 308.854 16.0221 292.832 28.0161
internal_count=903 70 833 55 778 55
is_linear=0
shrinkage=0.05


Tree=55
num_leaves=8
num_cat=0
split_feature=10 46 49 49 9 39 46
split_gain=5.45991 15.1428 10.0374 8.70217 17.3339 13.651 3.92529
threshold=0.00054950002231635164 -0.52784147858619679 1.523302495479584 -0.49890369176864618 808500.15625000012 -1.1274421811103819 -1.026306092739105
decision_type=2 2 2 2 2 2 2
left_child=3 6 -3 4 -1 -5 -2
right_child=1 2 -4 5 -6 -7 -8
leaf_value=0.035018235859520179 -0.0022994192466446418 0.017682467601493949 -0.07234667347168007 -0.054987483512691809 -0.00013707390297418913 0.0020075746212922015 -0.074987763378842456
leaf_weight=61.398282438516617 2.4812580049037924 24.790438890457157 3.5275135934352866 11.309988647699354 81.091678947210312 146.50761380791664 9.5926165878772718
leaf_count=120 8 60 17 44 214 395 45
internal_value=0.00368148 -0.0135394 0.00629114 0.00601437 0.0149761 -0.00204529 -0.060464
internal_weight=340.699 40.3918 28.318 300.308 142.49 157.818 12.0739
internal_count=903 130 77 773 334 439 53
is_linear=0
shrinkage=0.05


Tree=56
num_leaves=8
num_cat=0
split_feature=43 35 22 5 34 42 43
split_gain=5.46112 17.587 14.5748 14.5426 10.0427 8.02263 3.57168
threshold=265.09999084472662 -1.9873166680335996 2281195.2500000005 309.53500366210943 1.457700312137604 -0.0003785000008065253 3011404.5000000005
decision_type=2 2 2 2 2 2 2
left_child=1 5 4 -3 -2 -1 -4
right_child=2 3 6 -5 -6 -7 -8
leaf_value=-0.093677950367655916 -0.00053929502264418283 0.028695747677962874 -0.081135222723480338 -0.077513329331707945 0.037874771630277859 0.00010066637490955631 -0.0050899883252963187
leaf_weight=4.9143696129322052 233.8977996557951 66.624394476413727 6.6918666213750821 3.3637871891260138 18.331209018826485 4.0578861087560636 2.1941958367824554
leaf_count=20 637 146 30 15 37 11 7
internal_value=0.00349974 0.0150219 0 0.0235197 0.00223269 -0.0507074 -0.0629204
internal_weight=340.076 78.9604 261.115 69.9882 252.229 8.97226 8.88606
internal_count=903 192 711 161 674 31 37
is_linear=0
shrinkage=0.05


Tree=57
num_leaves=8
num_cat=0
split_feature=40 47 31 10 19 39 19
split_gain=5.27562 9.34187 17.2978 11.4483 7.95936 21.8708 11.3105
threshold=-1.042596101760864 0.30318449437618261 3.9343168735504155 -0.00033850000181701029 1469807.0625000002 0.77902901172637951 405811.45312500006
decision_type=2 2 2 2 2 2 2
left_child=1 2 -1 -3 6 -6 -2
right_child=4 3 -4 -5 5 -7 -8
leaf_value=-0.058386199613143758 0.00057134898604979656 0.031676879110394712 0.041276791636438111 -0.051716640430425426 -0.057826184361923542 0.029938885200163717 0.02198901625670098
leaf_weight=18.014941856265072 167.09886491298676 16.580182373523716 5.6812045872211447 5.4464239180088034 16.124846756458286 12.601174160838125 98.139496177434921
leaf_count=68 453 34 12 20 67 29 220
internal_value=0.00332513 -0.0124399 -0.0342808 0.0108295 0.0057942 -0.0191524 0.00851484
internal_weight=339.687 45.7228 23.6961 22.0266 293.964 28.726 265.238
internal_count=903 134 80 54 769 96 673
is_linear=0
shrinkage=0.05


Tree=58
num_leaves=5
num_cat=0
split_feature=14 26 56 22
split_gain=5.21549 6.04374 11.3953 8.96907
threshold=143.00000000000003 11.202471256256105 78.024890899658217 -59635.056640624993
decision_type=2 2 2 2
left_child=-1 3 -3 -2
right_child=1 2 -4 -5
leaf_value=-0.052962386964160328 -0.010545816399789638 -0.010415333564319586 0.027075020957089614 0.015388422269031943
leaf_weight=4.0773425400257102 42.605740517377853 117.74256531894207 24.442311361432076 150.27830354869366
leaf_count=15 119 351 56 362
internal_value=0.00316305 0.00386094 -0.00393538 0.00963394
internal_weight=339.146 335.069 142.185 192.884
internal_count=903 888 407 481
is_linear=0
shrinkage=0.05


Tree=59
num_leaves=7
num_cat=0
split_feature=31 18 0 31 47 14
split_gain=5.26585 7.74545 12.5827 7.24561 5.5127 4.60067
threshold=-11.453738689422606 47.046501159667976 74690.500000000015 -2.5065568685531612 0.47038760781288153 2630.5000000000005
decision_type=2 2 2 2 2 2
left_child=4 2 -2 -3 5 -1
right_child=1 3 -4 -5 -6 -7
leaf_value=-0.025528928618642883 0.015967040862378649 0.017950682842980393 -0.03621084596645846 -0.00010771905639366119 0.066980048210300111 0.048408090592780235
leaf_weight=4.9625803977251035 18.345392674207687 76.92621822655201 30.769052818417549 197.91416898369789 6.4432763904333106 3.6229248046875
leaf_count=15 46 176 102 549 9 6
internal_value=0.00300477 0.00164624 -0.0166194 0.00492853 0.031956 0.00508875
internal_weight=338.984 323.955 49.1144 274.84 15.0288 8.58551
internal_count=903 873 148 725 30 21
is_linear=0
shrinkage=0.05


Tree=60
num_leaves=5
num_cat=0
split_feature=5 5 43 39
split_gain=5.2422 6.91248 16.6261 6.33846
threshold=20669511.000000004 3157732.2500000005 19940908.000000004 0.18316527456045154
decision_type=2 2 2 2
left_child=1 3 -3 -1
right_child=-2 2 -4 -5
leaf_value=-0.0026615795006630907 0.061878461567051957 -0.063868877247750019 0.033532130592868817 0.011505716633190482
leaf_weight=168.54987750947475 3.7269400358200064 11.702806785702707 6.9293763339519492 147.81942194700241
leaf_count=470 5 51 14 363
internal_value=0.00285683 0.00218528 -0.0273767 0.0039421
internal_weight=338.728 335.001 18.6322 316.369
internal_count=903 898 65 833
is_linear=0
shrinkage=0.05


Tree=61
num_leaves=8
num_cat=0
split_feature=38 56 11 12 3 37 57
split_gain=5.09614 10.4477 8.92231 8.16044 15.8704 8.98136 3.42851
threshold=-2.8734465837478633 14.57200860977173 29.690000534057621 296672.82812500006 -30913.807617187496 -2.5854637622833248 15.273550033569338
decision_type=2 2 2 2 2 2 2
left_child=3 6 -3 5 -5 -1 -2
right_child=1 2 -4 4 -6 -7 -8
leaf_value=0 -0.095692722918554601 0.023470986123821327 -0.0012056456757860835 0.042439922081017128 -0.086368160268580296 0.074683518061417556 -0.016013753488127058
leaf_weight=6.7482342123985317 3.5853832066059104 42.502314224839211 263.26092180609703 5.555329442024231 4.1754102259874326 10.104321673512461 2.4365052878856659
leaf_count=18 15 93 728 11 18 13 7
internal_value=0.00271628 0.000907866 0.00220815 0.0237383 -0.0123171 0.0448536 -0.0642843
internal_weight=338.368 311.785 305.763 26.5833 9.73074 16.8526 6.02189
internal_count=903 843 821 60 29 31 22
is_linear=0
shrinkage=0.05


Tree=62
num_leaves=5
num_cat=0
split_feature=11 48 50 49
split_gain=5.01688 6.33849 18.7462 10.662
threshold=83.204998016357436 -0.83698388934135426 381.12329101562506 -0.91540300846099842
decision_type=2 2 2 2
left_child=1 2 -1 -3
right_child=-2 3 -4 -5
leaf_value=0.033043382189214307 0.04245228647287469 0.039912698941966855 -0.030305455507356222 0.0020557166208977243
leaf_weight=15.935452520847319 7.7197510451078406 20.126943960785866 43.255583584308624 251.0225171148777
leaf_count=31 13 39 144 676
internal_value=0.00258165 0.00163478 -0.0131662 0.00488421
internal_weight=338.06 330.34 59.191 271.149
internal_count=903 890 175 715
is_linear=0
shrinkage=0.05


Tree=63
num_leaves=7
num_cat=0
split_feature=10 22 15 50 12 57
split_gain=5.07931 16.0543 11.1725 14.831 9.30419 8.8837
threshold=8.2499998825369416e-05 -59635.056640624993 1520.0000000000002 1603.3739013671877 407748.21875000006 8.1107764244079608
decision_type=2 2 2 2 2 2
left_child=2 -2 5 -4 -3 -1
right_child=1 4 3 -5 -6 -7
leaf_value=0.073172086688937335 -0.081481717557595257 0.0026535549873652657 -0.060059999065855123 0.0038513099409659061 -0.07737971630986451 0.017245791296760179
leaf_weight=8.9011418223381025 6.9058360308408728 67.711703732609749 9.4985751956701261 203.42076148092747 3.8344316333532324 37.411945417523384
leaf_count=12 31 190 34 534 17 85
internal_value=0.00245713 -0.00866428 0.00584212 0.00097667 -0.00156585 0.0281025
internal_weight=337.684 78.452 259.232 212.919 71.5461 46.3131
internal_count=903 238 665 568 207 97
is_linear=0
shrinkage=0.05


Tree=64
num_leaves=8
num_cat=0
split_feature=41 2 33 58 13 58 39
split_gain=5.12583 13.0443 17.2503 11.781 11.4561 17.8856 13.5454
threshold=-0.19970031082630155 70942.855468750015 -1.1031782627105711 3273.637573242188 446059.87500000006 1767.5494384765627 3.068339586257935
decision_type=2 2 2 2 2 2 2
left_child=1 2 -1 -3 6 -6 -2
right_child=4 3 -4 -5 5 -7 -8
leaf_value=0.022889583486262532 0.0085044400921351748 -0.004018841577512147 -0.022417587172328619 0.058088211003044378 0.020204866733312878 -0.034175946364039318 -0.083516658605395797
leaf_weight=41.972968861460686 142.26811189204454 11.370087683200834 42.059055238962173 22.37808845937252 21.208491668105125 51.922600269317627 4.1073399782180777
leaf_count=93 361 32 133 36 52 178 18
internal_value=0.00233623 0.0107581 0.00015329 0.0370156 -0.00215989 -0.0183368 0.00588814
internal_weight=337.287 117.78 84.032 33.7482 219.507 73.1311 146.375
internal_count=903 294 226 68 609 230 379
is_linear=0
shrinkage=0.05


Tree=65
num_leaves=7
num_cat=0
split_feature=33 8 14 39 12 26
split_gain=4.93328 8.47444 7.91468 8.02422 7.36054 3.64623
threshold=1.452237665653229 1.232499957084656 143.00000000000003 -1.6436870694160459 333906.87500000006 8.4928474426269549
decision_type=2 2 2 2 2 2
left_child=2 5 -1 -4 -3 -2
right_child=1 4 3 -5 -6 -7
leaf_value=-0.080691264772785737 0.055830510524593494 0.023045958226560873 -0.07925605292840765 0.0018138955148904881 -0.051927460587744313 0.014028432970940106
leaf_weight=2.9975593686103812 13.033324405550959 6.9129517376422864 3.0826584845781317 295.18052138388157 6.1416662633419037 9.328349217772482
leaf_count=13 20 16 14 792 25 23
internal_value=0.00222214 0.0198754 0.000130221 0.000959244 -0.011843 0.038616
internal_weight=336.677 35.4163 301.261 298.263 13.0546 22.3617
internal_count=903 84 819 806 41 43
is_linear=0
shrinkage=0.05


Tree=66
num_leaves=6
num_cat=0
split_feature=48 14 40 26 14
split_gain=4.87039 7.33645 6.01263 5.86645 5.35312
threshold=1.8220543265342715 143.00000000000003 1.0662810802459719 11.202471256256105 244.00000000000003
decision_type=2 2 2 2 2
left_child=1 -1 4 -3 -2
right_child=2 3 -4 -5 -6
leaf_value=-0.078452683284497449 0.0080998144803324634 0.009904782574476214 0.033564421522351694 -0.0037544437092196614 -0.069683615186682424
leaf_weight=2.7122147083282462 3.0385106056928617 183.47003205120564 3.011487513780593 136.86807370185852 7.184306263923645
leaf_count=12 8 449 8 389 37
internal_value=0.00211324 0.00334495 -0.0275752 0.00405312 -0.0460751
internal_weight=336.285 323.05 13.2343 320.338 10.2228
internal_count=903 850 53 838 45
is_linear=0
shrinkage=0.05


Tree=67
num_leaves=8
num_cat=0
split_feature=43 35 22 39 7 27 44
split_gain=4.7752 15.2137 12.695 12.5271 11.35 9.75203 3.63264
threshold=265.09999084472662 -1.9873166680335996 2281195.2500000005 -1.1274421811103819 3.4799950122833256 45002.000000000007 3447001.5000000005
decision_type=2 2 2 2 2 2 2
left_child=1 4 5 -3 -1 -2 -4
right_child=2 3 6 -5 -6 -7 -8
leaf_value=-0.090176714339638558 0.0026578432488341096 -0.048339428040188599 -0.079517658980595707 0.027406522739639245 0.027352794815300643 -0.052094860119964309 -0.0016998519685867118
leaf_weight=5.7806535214185697 240.93056658655405 5.9314852952957144 6.4939524233341199 63.140925005078316 3.1022676974534988 8.4137369692325574 2.122803807258606
leaf_count=24 643 23 30 138 7 31 7
internal_value=0.00200757 0.0128577 -0.00125193 0.0208296 -0.0485679 0.000790246 -0.0609269
internal_weight=335.916 77.9553 257.961 69.0724 8.88292 249.344 8.61676
internal_count=903 192 711 161 31 674 37
is_linear=0
shrinkage=0.05


Tree=68
num_leaves=5
num_cat=0
split_feature=5 5 40 40
split_gain=4.77104 6.20728 17.2987 7.06997
threshold=20669511.000000004 249395.07812500003 1.0000000180025095e-35 -1.042596101760864
decision_type=2 2 2 2
left_child=1 3 -3 -1
right_child=-2 2 -4 -5
leaf_value=-0.01552318784770346 0.059113707696250344 -0.00338203469253695 -0.086870518766088797 0.0077606003331055877
leaf_weight=37.772334888577461 3.609173282980918 53.241716429591179 7.0470546036958686 233.8267008215189
leaf_count=114 5 154 31 599
internal_value=0.00190581 0.00126863 -0.0132238 0.00450402
internal_weight=335.497 331.888 60.2888 271.599
internal_count=903 898 185 713
is_linear=0
shrinkage=0.05


Tree=69
num_leaves=7
num_cat=0
split_feature=10 22 14 50 57 12
split_gain=4.71286 14.4782 9.70086 13.1636 8.23023 8.08497
threshold=8.2499998825369416e-05 -59635.056640624993 1519.0000000000002 1603.3739013671877 8.1107764244079608 407748.21875000006
decision_type=2 2 2 2 2 2
left_child=2 -2 4 -4 -1 -3
right_child=1 5 3 -5 -6 -7
leaf_value=0.069800730423534366 -0.079071202283466493 0.0016326667797173244 -0.057141792627651782 0.0032623553513832556 0.015490215823444281 -0.074327016461540121
leaf_weight=8.7293673455715162 6.7290233299136153 67.382470011711121 9.438780412077902 202.25970752537251 37.013045847415924 3.6908144205808631
leaf_count=12 31 190 34 534 85 17
internal_value=0.00180992 -0.00895071 0.00508136 0.00054556 0.025964 -0.00224155
internal_weight=335.243 77.8023 257.441 211.698 45.7424 71.0733
internal_count=903 238 665 568 97 207
is_linear=0
shrinkage=0.05


Tree=70
num_leaves=7
num_cat=0
split_feature=41 2 31 58 20 37
split_gain=4.72797 11.7448 15.6615 10.6348 9.63021 10.1492
threshold=-0.19970031082630155 70942.855468750015 0.48521408438682562 3273.637573242188 5038189.0000000009 1.855971693992615
decision_type=2 2 2 2 2 2
left_child=1 2 -1 -3 5 -2
right_child=4 3 -4 -5 -6 -7
leaf_value=0.01451686416697893 -0.0090887923301511929 -0.0042116268554794343 -0.032078470325006353 0.055080397854856536 -0.077744606076682529 0.013792146015102683
leaf_weight=57.187368467450142 139.47712936252356 11.266637474298475 26.338643372058868 22.107715368270874 4.1851772814989081 74.220974892377853
leaf_count=136 403 32 90 36 19 187
internal_value=0.00172094 0.00984196 -0.000116396 0.0349146 -0.00261327 -0.00111846
internal_weight=334.784 116.9 83.526 33.3744 217.883 213.698
internal_count=903 294 226 68 609 590
is_linear=0
shrinkage=0.05


Tree=71
num_leaves=7
num_cat=0
split_feature=38 58 57 37 28 39
split_gain=4.58995 9.62616 7.96403 12.43 12.1096 7.74621
threshold=-2.8734465837478633 2123637.1250000005 15.273550033569338 -3.2525173425674434 -2088.1874999999995 0.23152076452970508
decision_type=2 2 2 2 2 2
left_child=1 5 3 -2 -4 -1
right_child=2 -3 4 -5 -6 -7
leaf_value=-0.020132040224837777 0.037376358732411873 -0.044161315676366032 -0.082816582683738316 -0.025807097176138445 0.0053466614427625818 0.051654099565849869
leaf_weight=4.7182160168886247 9.1053332686424238 4.5137985348701468 3.9530052542686454 51.758103132247925 243.34636330604553 16.897167026996613
leaf_count=14 18 17 17 164 644 29
internal_value=0.00163569 0.0217567 -5.41466e-05 -0.0162725 0.00391718 0.0357533
internal_weight=334.292 26.1292 308.163 60.8634 247.299 21.6154
internal_count=903 60 843 182 661 43
is_linear=0
shrinkage=0.05


Tree=72
num_leaves=7
num_cat=0
split_feature=31 20 50 49 47 11
split_gain=4.67968 6.15691 11.9374 7.45824 4.86649 4.22558
threshold=-11.453738689422606 91742.433593750015 3303.9555664062505 -0.49890369176864618 0.47038760781288153 37.539999008178718
decision_type=2 2 2 2 2 2
left_child=4 2 -2 -3 5 -1
right_child=1 3 -4 -5 -6 -7
leaf_value=0.032638390591232837 -0.031189161843037983 0.013651219748976613 0.030113724339591686 -0.0033235237836301643 0.06256067574837447 -0.039634229125802833
leaf_weight=5.143175080418585 34.286404401063919 103.89862753450871 10.258396297693251 170.80948674678802 6.2677440345287314 3.3122370392084122
leaf_count=10 110 253 23 487 9 11
internal_value=0.00155373 0.000266898 -0.0169592 0.00307837 0.0291175 0.00373571
internal_weight=333.976 319.253 44.5448 274.708 14.7232 8.45541
internal_count=903 873 133 740 30 21
is_linear=0
shrinkage=0.05


Tree=73
num_leaves=6
num_cat=0
split_feature=12 56 12 39 39
split_gain=4.56769 13.0129 9.6246 10.4213 10.3449
threshold=892632.34375000012 47.262399673461921 490478.35937500006 2.3988486528396611 1.5489870309829714
decision_type=2 2 2 2 2
left_child=2 -2 3 -1 -4
right_child=1 -3 4 -5 -6
leaf_value=0.0024075780005071009 0.021564205614227297 -0.082860969850217792 0.0059782754424805191 -0.032112695409420793 0.061306920111245222
leaf_weight=261.59475250542164 6.0556047856807691 5.7771932631731033 22.824077904224396 23.852483376860619 13.634516865015028
leaf_count=699 14 26 59 84 21
internal_value=0.00147739 -0.0289973 0.00261313 -0.000459482 0.0268068
internal_weight=333.739 11.8328 321.906 285.447 36.4586
internal_count=903 40 863 783 80
is_linear=0
shrinkage=0.05


Tree=74
num_leaves=6
num_cat=0
split_feature=44 59 14 59 17
split_gain=4.504 9.60001 17.3314 11.6729 2.056
threshold=30489879.000000004 3658927.7500000005 3371.5000000000005 1940732.3750000002 4.1160001754760751
decision_type=2 2 2 2 2
left_child=1 3 -3 -1 -2
right_child=4 2 -4 -5 -6
leaf_value=-0.001266417371243432 0.055741182553103057 -0.050742363274114993 0.030982643685264356 0.02565244372194609 0.01008061911062183
leaf_weight=243.9285372197628 5.30807316303253 21.607436604797844 9.1905134320259076 48.173220530152321 5.1952523440122604
leaf_count=665 9 84 22 110 13
internal_value=0.00140499 0.000341219 -0.0261922 0.00315591 0.0336322
internal_weight=333.403 322.9 30.798 292.102 10.5033
internal_count=903 881 106 775 22
is_linear=0
shrinkage=0.05


Tree=75
num_leaves=7
num_cat=0
split_feature=39 39 47 31 12 44
split_gain=4.43695 10.7657 9.77599 8.41945 12.7967 1.89092
threshold=0.18316527456045154 0.062615195289254202 0.059193704277277 -8.668721675872801 892632.34375000012 2349753.1250000005
decision_type=2 2 2 2 2 2
left_child=1 2 -1 -2 -5 -3
right_child=3 5 -4 4 -6 -7
leaf_value=-0.014867422375140433 0.060386762374016738 -0.081038147418144274 0.0094187231148097784 0.0074065966341538576 -0.079164291881623203 -0.023927138114463693
leaf_weight=75.35189200937748 7.1760702282190314 5.0045786648988715 91.936339236795902 146.83844508230686 4.3895944505929938 2.4424952119588852
leaf_count=238 10 22 229 376 20 8
internal_value=0.00133591 -0.0041398 -0.00149063 0.00740772 0.0048607 -0.0629783
internal_weight=333.139 174.735 167.288 158.404 151.228 7.44707
internal_count=903 497 467 406 396 30
is_linear=0
shrinkage=0.05


Tree=76
num_leaves=7
num_cat=0
split_feature=33 31 7 34 42 13
split_gain=4.5056 7.64113 9.96728 9.94406 7.59391 7.01671
threshold=1.452237665653229 -1.5173586606979368 1.5412485599517824 0.20878126472234729 0.00054950002231635164 1090855.1875000002
decision_type=2 2 2 2 2 2
left_child=1 3 -3 -1 5 -2
right_child=4 2 -4 -5 -6 -7
leaf_value=0.0027348393053807166 0.039197269273815796 0.0010846365288677406 -0.024966861347840201 0.043137606452671208 -0.041916916409114539 -0.021641937244722423
leaf_weight=120.97887474298477 24.466318488121036 102.56937593966722 56.893519744277 17.485596194863319 4.4899297207593909 5.7638462334871283
leaf_count=312 45 285 189 33 18 21
internal_value=0.00126864 -0.000701707 -0.00817872 0.0078731 0.0183199 0.0274319
internal_weight=332.647 297.927 159.463 138.464 34.7201 30.2302
internal_count=903 819 474 345 84 66
is_linear=0
shrinkage=0.05


Tree=77
num_leaves=5
num_cat=0
split_feature=11 48 50 49
split_gain=4.3861 6.08757 15.7208 9.44505
threshold=83.204998016357436 -0.83698388934135426 381.12329101562506 -0.91540300846099842
decision_type=2 2 2 2
left_child=1 2 -1 -3
right_child=-2 3 -4 -5
leaf_value=0.028815138409641602 0.039572994276446186 0.036712975383695515 -0.030063654076219005 0.00084727438013377935
leaf_weight=15.378451585769652 7.2884308546781531 19.861766681075096 42.544218003749847 247.04063308238983
leaf_count=31 13 39 144 676
internal_value=0.00120747 0.000331235 -0.014345 0.00353498
internal_weight=332.114 324.825 57.9227 266.902
internal_count=903 890 175 715
is_linear=0
shrinkage=0.05


Tree=78
num_leaves=7
num_cat=0
split_feature=41 31 19 26 12 6
split_gain=4.46902 10.5594 9.50971 9.90166 9.40279 9.04766
threshold=-0.19970031082630155 5.2116262912750253 2461628.7500000005 12.19463634490967 892632.34375000012 -37111949.999999993
decision_type=2 2 2 2 2 2
left_child=1 4 3 -2 -1 -3
right_child=2 5 -4 -5 -6 -7
leaf_value=0.019190603225796299 0.0066712742470358957 -0.00032688591286841667 -0.072647153118944138 -0.015832645567795612 -0.03962343717287297 -0.082495753775715441
leaf_weight=93.619955986738205 134.62151746451855 9.3909204602241498 4.8058140128850928 76.673787899315357 7.2774736806750289 5.3169700503349295
leaf_count=217 343 27 23 243 27 23
internal_value=0.00115038 0.00909619 -0.00307717 -0.00147117 0.0148989 -0.0303713
internal_weight=331.706 115.605 216.101 211.295 100.897 14.7079
internal_count=903 294 609 586 244 50
is_linear=0
shrinkage=0.05


Tree=79
num_leaves=6
num_cat=0
split_feature=38 54 58 44 5
split_gain=4.29549 11.6737 8.13888 7.97097 7.73328
threshold=-2.8734465837478633 -3.6708621978759761 2123637.1250000005 5597.3898925781259 795.72000122070324
decision_type=2 2 2 2 2
left_child=2 -2 3 -1 -3
right_child=1 4 -4 -5 -6
leaf_value=-0.013921480148172578 -0.083981025536728315 0.0062566327493800552 -0.040615077928886661 0.053072569954894011 -0.010738431692181622
leaf_weight=6.1207310706377092 4.1364720314741126 200.98383653908968 4.409982591867446 15.214483529329298 100.31360199302435
leaf_count=18 18 523 17 25 302
internal_value=0.00109015 -0.000547136 0.0207087 0.0336187 0.000581722
internal_weight=331.179 305.434 25.7452 21.3352 301.297
internal_count=903 843 60 43 825
is_linear=0
shrinkage=0.05


Tree=80
num_leaves=8
num_cat=0
split_feature=31 40 31 49 41 59 56
split_gain=4.29263 12.5589 7.84731 11.732 8.61843 3.97708 2.99392
threshold=10.545784473419191 1.0000000180025095e-35 5.2116262912750253 -0.72052836418151844 0.59813651442527782 532459.03125000012 72.079792022705092
decision_type=2 2 2 2 2 2 2
left_child=2 5 4 -4 -1 -2 -3
right_child=1 6 3 -5 -6 -7 -8
leaf_value=0.0074116244070214672 0.024189664348575418 -0.074445885098703229 -0.089080747859853607 -0.0097789376103016509 -0.013237842188368227 0.082830897484411109 0.00087390471170270285
leaf_weight=212.63366831094027 6.2903973907232302 2.8352904021739951 5.6015098989009848 29.197100237011909 66.180250152945518 5.9012910723686218 2.227365106344223
leaf_count=545 15 13 24 88 204 7 7
internal_value=0.0010343 0.0253178 -0.000285786 -0.0226878 0.00249226 0.0529846 -0.0403206
internal_weight=330.867 17.2543 313.613 34.7986 278.814 12.1917 5.06266
internal_count=903 42 861 112 749 22 20
is_linear=0
shrinkage=0.05


Tree=81
num_leaves=8
num_cat=0
split_feature=39 36 59 40 39 10 36
split_gain=4.23579 10.0173 14.966 8.58466 6.58513 12.9846 8.92205
threshold=0.18316527456045154 -1.8452632427215574 976.48785400390636 1.0000000180025095e-35 2.0666793584823613 -0.00036799999361392105 -1.9951525330543516
decision_type=2 2 2 2 2 2 2
left_child=1 2 -1 -3 6 -6 -2
right_child=4 3 -4 -5 5 -7 -8
leaf_value=0.045373805868447206 0.039706805008031358 0.0090693818683919535 -0.050434289144504575 -0.016832379823528289 0.015302302073054523 -0.041112256114587131 0.0057647554070081328
leaf_weight=4.9586122184991863 24.756028398871422 99.554844200611115 21.823812611401081 47.111113771796227 22.375828981399536 18.634904704988003 91.273935802280903
leaf_count=9 48 262 79 147 54 72 232
internal_value=0.000982377 -0.00438614 -0.0325093 0.00071529 0.00694364 -0.01021 0.0130497
internal_weight=330.489 173.448 26.7824 146.666 157.041 41.0107 116.03
internal_count=903 497 88 409 406 126 280
is_linear=0
shrinkage=0.05


Tree=82
num_leaves=6
num_cat=0
split_feature=48 15 40 19 0
split_gain=4.26985 6.65367 5.11307 5.10048 5.04831
threshold=1.8220543265342715 144.00000000000003 1.0662810802459719 405811.45312500006 15008.500000000002
decision_type=2 2 2 2 2
left_child=1 -1 4 -3 -2
right_child=2 3 -4 -5 -6
leaf_value=-0.07674926576972177 0.010088893259296719 -0.0025365658755255515 0.029687049216693625 0.010385679957112627 -0.067753118169158785
leaf_weight=2.6494895070791236 2.8165984004735929 185.02686881273985 2.9153614416718474 129.54145957529545 6.9983953684568405
leaf_count=12 7 518 8 320 38
internal_value=0.000934991 0.00208909 -0.0274304 0.00276901 -0.0449055
internal_weight=329.948 317.218 12.7304 314.568 9.81499
internal_count=903 850 53 838 45
is_linear=0
shrinkage=0.05


Tree=83
num_leaves=6
num_cat=0
split_feature=44 59 60 40 17
split_gain=4.27136 8.46011 7.66188 5.55174 1.89303
threshold=30489879.000000004 6823546.2500000009 -899925.74999999988 -1.042596101760864 4.1160001754760751
decision_type=2 2 2 2 2
left_child=1 3 -3 -1 -2
right_child=4 2 -4 -5 -6
leaf_value=-0.015225130247701588 0.053901273349572412 -0.063021717004675196 0.010751258415192769 0.0043877580486849175 0.0096499257255364089
leaf_weight=41.775817967951298 5.2285159528255445 9.77838386595249 5.3352416455745688 262.37335526943207 5.0999956130981445
leaf_count=128 9 41 14 698 13
internal_value=0.000886968 -0.000121221 -0.0366484 0.00167743 0.032535
internal_weight=329.591 319.263 15.1136 304.149 10.3285
internal_count=903 881 55 826 22
is_linear=0
shrinkage=0.05


Tree=84
num_leaves=7
num_cat=0
split_feature=10 22 14 50 57 38
split_gain=4.21114 13.103 8.06029 11.9625 7.99068 7.45568
threshold=8.2499998825369416e-05 -59635.056640624993 1519.0000000000002 1603.3739013671877 8.1107764244079608 1.2446954846382143
decision_type=2 2 2 2 2 2
left_child=2 -2 4 -4 -1 -3
right_child=1 5 3 -5 -6 -7
leaf_value=0.06718308114048871 -0.07713907274444734 -0.019533219449290311 -0.055623501357536423 0.0024154306325424291 0.012859281671255111 0.013127854617357047
leaf_weight=8.4393690973520261 6.5393815115094176 34.64212491363287 9.2922739833593351 198.96150276809931 36.31003925204277 35.138794906437397
leaf_count=12 31 117 34 534 85 90
internal_value=0.000843534 -0.00943153 0.00396285 -0.000150255 0.023216 -0.0030148
internal_weight=329.323 76.3203 253.003 208.254 44.7494 69.7809
internal_count=903 238 665 568 97 207
is_linear=0
shrinkage=0.05


Tree=85
num_leaves=5
num_cat=0
split_feature=25 22 22 46
split_gain=4.18014 5.67297 10.203 9.03414
threshold=1020.4015197753907 2281195.2500000005 1617799.1875000002 2.6111378669738774
decision_type=2 2 2 2
left_child=1 2 -1 -3
right_child=-2 3 -4 -5
leaf_value=-0.0012936580903030448 0.040838109437003112 -0.051799082769618046 0.031873542902571411 0.050455878394055222
leaf_weight=283.56393799930811 6.3929799050092688 10.970020309090613 25.237122222781181 2.6426726207137099
leaf_count=784 12 46 55 6
internal_value=0.000802113 0 0.00140078 -0.0315807
internal_weight=328.807 322.414 308.801 13.6127
internal_count=903 891 839 52
is_linear=0
shrinkage=0.05


Tree=86
num_leaves=7
num_cat=0
split_feature=31 20 40 49 47 14
split_gain=4.06275 5.43357 14.6097 6.66148 4.48654 3.78806
threshold=-11.453738689422606 91742.433593750015 1.9165737032890322 -0.49890369176864618 0.47038760781288153 2630.5000000000005
decision_type=2 2 2 2 2 2
left_child=4 2 -2 -3 5 -1
right_child=1 3 -4 -5 -6 -7
leaf_value=-0.026129223481378902 -0.028041181610928126 0.012300651878113314 0.057453067370182687 -0.0038754851405479445 0.05939393333971045 0.042066886359281991
leaf_weight=4.782510578632353 38.084989443421364 102.1603622585535 5.7211474180221549 168.21453361958265 6.0860776752233496 3.5296839624643326
leaf_count=15 124 253 9 487 9 6
internal_value=0.000762285 -0.000412261 -0.0167614 0.00221813 0.026739 0.00222799
internal_weight=328.579 314.181 43.8061 270.375 14.3983 8.31219
internal_count=903 873 133 740 30 21
is_linear=0
shrinkage=0.05


Tree=87
num_leaves=5
num_cat=0
split_feature=29 48 40 34
split_gain=3.96335 4.50349 5.58126 4.65021
threshold=141.91400146484378 1.8220543265342715 1.0662810802459719 0.20878126472234729
decision_type=2 2 2 2
left_child=-1 3 -3 -2
right_child=1 2 -4 -5
leaf_value=-0.049962160924124338 -0.0028663745511181833 -0.050751029808441678 0.02874671445359267 0.0094069210525877037
leaf_weight=3.8067292720079413 176.70290865004063 8.3375965505838376 2.9160798862576476 136.50797900557518
leaf_count=15 486 42 8 352
internal_value=0.000725366 0.00133546 -0.0297071 0.00246678
internal_weight=328.271 324.465 11.2537 313.211
internal_count=903 888 50 838
is_linear=0
shrinkage=0.05


Tree=88
num_leaves=8
num_cat=0
split_feature=7 7 54 38 36 39 23
split_gain=4.26152 16.9396 14.4446 6.5732 12.8943 6.20255 3.05812
threshold=2.8113188743591313 3.0965794324874882 -0.32486398518085474 -2.8734465837478633 -0.4399022758007049 0.29345573484897619 42.500000000000007
decision_type=2 2 2 2 2 2 2
left_child=3 6 -3 5 -5 -1 -2
right_child=1 2 -4 4 -6 -7 -8
leaf_value=-0.02120193538903176 0.085272680928996245 0.013392028600078546 -0.05580081596250959 -0.019450135406261559 0.004217196110576635 0.040849398585677862 0.038905320263686052
leaf_weight=5.2981974035501507 5.7549618035554913 28.263878062367439 10.268876582384108 88.918366558849812 162.53418217599392 15.711457028985022 11.278462365269659
leaf_count=17 7 71 39 279 437 30 23
internal_value=0.000687343 0.013318 -0.00491792 -0.00187022 -0.00413213 0.0249634 0.0548647
internal_weight=328.028 55.5662 38.5328 272.462 251.453 21.0097 17.0334
internal_count=903 140 110 763 716 47 30
is_linear=0
shrinkage=0.05


Tree=89
num_leaves=8
num_cat=0
split_feature=31 19 19 48 59 49 36
split_gain=4.04897 10.4146 13.3773 11.1178 8.40126 12.4326 8.82931
threshold=-1.8410543799400327 405811.45312500006 1469807.0625000002 0.17210219800472262 2970.5905761718755 -0.61737766861915577 0.52184250950813305
decision_type=2 2 2 2 2 2 2
left_child=1 3 -3 -1 5 -2 -6
right_child=4 2 -4 -5 6 -7 -8
leaf_value=-4.5663840542309962e-05 -0.061339084540844073 0.032955354663184701 -0.035247368815706649 -0.081516360584732259 -0.01420268071083162 -0.0067321305339866234 0.012083148675091845
leaf_weight=67.786269664764404 13.82139106094837 50.226272374391556 8.3227534145116788 4.472006991505622 49.418075896799564 43.523795619606972 90.042508579790592
leaf_count=182 55 98 30 20 157 131 230
internal_value=0.000654922 0.00748607 0.0231749 -0.00515702 -0.00386001 -0.0199807 0.00273287
internal_weight=327.613 130.807 58.549 72.2583 196.806 57.3452 139.461
internal_count=903 330 128 202 573 186 387
is_linear=0
shrinkage=0.05


Tree=90
num_leaves=7
num_cat=0
split_feature=31 46 59 31 38 41
split_gain=3.93525 10.317 10.1584 7.48998 9.97799 8.1927
threshold=10.545784473419191 -0.71489864587783802 532459.03125000012 5.2116262912750253 2.9320173263549809 0.59813651442527782
decision_type=2 2 2 2 2 2
left_child=3 -2 -3 5 -5 -1
right_child=1 2 -4 4 -6 -7
leaf_value=0.0069146307521350371 0.076423943761628865 -0.0477017854029681 0.049033912193123023 -0.037620172852180563 0.02555059198813003 -0.013327234461959018
leaf_weight=209.92086275666952 6.0620548576116589 6.1239614486694318 4.8576234579086304 26.371810495853424 8.0955654978752118 65.524231679737568
leaf_count=545 8 25 9 93 19 204
internal_value=0.000618901 0.0240178 -0.00445615 -0.000651788 -0.0226378 0.00208124
internal_weight=326.956 17.0436 10.9816 309.912 34.4674 275.445
internal_count=903 42 34 861 112 749
is_linear=0
shrinkage=0.05


Tree=91
num_leaves=5
num_cat=0
split_feature=44 44 13 59
split_gain=3.94675 5.53768 9.0631 6.67876
threshold=41808350.000000007 2829923.3750000005 446059.87500000006 1342386.1250000002
decision_type=2 2 2 2
left_child=1 3 -3 -1
right_child=-2 2 -4 -5
leaf_value=-0.001722382973724272 0.041043853638647487 -0.0026758585800739838 -0.049942692858981654 0.016592130524147968
leaf_weight=200.71301413327456 5.9203476756811133 40.151454411447048 13.687115944921969 66.048479355871677
leaf_count=555 11 120 56 161
internal_value=0.000588518 -0.000142953 -0.0147851 0.00279343
internal_weight=326.52 320.6 53.8386 266.761
internal_count=903 892 176 716
is_linear=0
shrinkage=0.05


Tree=92
num_leaves=8
num_cat=0
split_feature=33 8 21 56 21 12 53
split_gain=3.87855 7.08385 6.78272 16.3987 10.4531 5.79236 4.54303
threshold=1.452237665653229 1.232499957084656 -1758.9560546874998 82.337902069091811 -1418.6344604492185 333906.87500000006 1.7407222390174868
decision_type=2 2 2 2 2 2 2
left_child=2 6 3 -1 -4 -3 -2
right_child=1 5 4 -5 -6 -7 -8
leaf_value=-0.077346465702992251 0.046843776874798508 0.0184323610372202 0.061198615511950598 0.02236363789420448 -0.00097753959600788381 -0.049602713317779684 -0.0069306408191941865
leaf_weight=9.1330880820751208 16.411360979080204 6.6041424721479398 6.9325385242700568 7.4097573459148398 269.00257981568575 5.8414761275053024 4.9606521427631369
leaf_count=43 29 16 12 16 748 25 14
internal_value=0.000557668 0.0165998 -0.0012801 -0.0323828 0.000566441 -0.0130988 0.0341283
internal_weight=326.296 33.8176 292.478 16.5428 275.935 12.4456 21.372
internal_count=903 84 819 59 760 41 43
is_linear=0
shrinkage=0.05


Tree=93
num_leaves=8
num_cat=0
split_feature=7 7 24 38 36 39 23
split_gain=3.9879 15.4138 13.7957 5.98513 11.1289 5.70519 2.737
threshold=2.8113188743591313 3.0965794324874882 157.50000000000003 -2.8734465837478633 -0.4399022758007049 0.29345573484897619 42.500000000000007
decision_type=2 2 2 2 2 2 2
left_child=3 6 -3 5 -5 -1 -2
right_child=1 2 -4 4 -6 -7 -8
leaf_value=-0.020482544593284115 0.081771481777317592 -0.045186588592211231 0.017512182510426993 -0.018386240262696977 0.0036682179101428466 0.039153185377227666 0.03750002749440362
leaf_weight=5.2851535379886654 5.6613984107971218 13.588162273168562 24.665082380175591 88.386360414326191 161.43617063015699 15.531530439853666 11.187630191445349
leaf_count=17 7 50 60 279 437 30 23
internal_value=0.000529131 0.0128019 -0.00462871 -0.00195114 -0.00411456 0.0237721 0.0526723
internal_weight=325.741 55.1023 38.2532 270.639 249.823 20.8167 16.849
internal_count=903 140 110 763 716 47 30
is_linear=0
shrinkage=0.05


Tree=94
num_leaves=7
num_cat=0
split_feature=36 5 56 5 34 38
split_gain=3.85028 16.3625 9.3412 7.3966 15.0131 14.5227
threshold=-2.5624701976776119 6189.8449707031259 36.805698394775398 795.72000122070324 -1.4181585907936094 -0.14880288392305371
decision_type=2 2 2 2 2 2
left_child=1 2 -1 4 -2 -5
right_child=3 -3 -4 5 -6 -7
leaf_value=-0.080721847366264546 -0.043523782192050192 0.080022377460115687 0.040607462374435466 -0.035806862035816699 0.0084916203879908773 0.0029596377993710088
leaf_weight=3.8052578866481763 14.917596355080603 6.9757868647575378 2.660399541258812 38.692966222763062 194.43385044485331 63.769075348973274
leaf_count=17 52 8 5 142 503 176
internal_value=0.000504624 0.0267147 -0.0300256 -0.000609185 0.00476132 -0.011631
internal_weight=325.255 13.4414 6.46566 311.813 209.351 102.462
internal_count=903 30 22 873 555 318
is_linear=0
shrinkage=0.05


Tree=95
num_leaves=7
num_cat=0
split_feature=11 48 11 41 12 29
split_gain=3.85124 8.71297 8.10786 6.99541 6.21855 3.15319
threshold=29.690000534057621 0.90465980768203746 32.135000228881843 2.2125461101531987 296672.82812500006 3411.6020507812505
decision_type=2 2 2 2 2 2
left_child=1 4 5 -4 -1 -2
right_child=2 -3 3 -5 -6 -7
leaf_value=0.028582341087093552 -0.080128919624763345 -0.058728164459031257 -0.0018881593601939581 0.054805763101726017 -0.0072725552079633132 -0.0049090940935531619
leaf_weight=38.02330207824707 4.5386154055595389 4.0287287086248389 252.90219324082136 5.5585061162710181 17.445431753993034 2.222258061170578
leaf_count=81 21 16 719 9 50 7
internal_value=0.000479976 0.0119891 -0.00208303 -0.000649544 0.0172155 -0.0561442
internal_weight=324.719 59.4975 265.222 258.461 55.4687 6.76087
internal_count=903 147 756 728 131 28
is_linear=0
shrinkage=0.05


Tree=96
num_leaves=6
num_cat=0
split_feature=31 18 17 55 41
split_gain=3.94365 5.52152 10.3582 5.98164 4.38545
threshold=-11.453738689422606 47.046501159667976 27.879000663757328 -0.6765761375427245 0.2355407997965813
decision_type=2 2 2 2 2
left_child=4 2 -2 -3 -1
right_child=1 3 -4 -5 -6
leaf_value=-0.0024205031482660336 0.0011102525697388368 0.01155356825672149 -0.047490935869897333 -0.0038977712558721151 0.052611702023962564
leaf_weight=6.6978775113821012 29.87570183724165 102.3650538995862 17.143548920750618 160.80715932697058 7.4761723130941391
leaf_count=18 85 263 63 462 12
internal_value=0.000453255 -0.000709567 -0.0165037 0.00209328 0.0262537
internal_weight=324.366 310.191 47.0193 263.172 14.174
internal_count=903 873 148 725 30
is_linear=0
shrinkage=0.05


Tree=97
num_leaves=7
num_cat=0
split_feature=31 39 7 46 46 33
split_gain=3.77912 9.06591 9.01571 12.9822 9.17804 8.74257
threshold=-1.5173586606979368 -1.5104880332946775 1.5412485599517824 -0.62353345751762379 -0.91493788361549366 -1.0856931805610655
decision_type=2 2 2 2 2 2
left_child=1 -1 4 -4 -2 -3
right_child=2 5 3 -5 -6 -7
leaf_value=-0.076318321267865516 0.038200429845979052 0.014210645778570653 -0.058439601771931672 -0.0063935298284848027 -0.0015529683587765415 -0.022338839214927228
leaf_weight=3.1877162456512442 16.76667232811451 112.68728493154049 15.925693556666372 49.549561552703381 106.98547893762589 19.049085065722466
leaf_count=15 34 270 62 154 308 60
internal_value=0.00043006 0.0068375 -0.00411219 -0.0191292 0.00379265 0.00888763
internal_weight=324.151 134.924 189.227 65.4753 123.752 131.736
internal_count=903 345 558 216 342 330
is_linear=0
shrinkage=0.05


Tree=98
num_leaves=8
num_cat=0
split_feature=41 2 36 30 33 52 58
split_gain=3.78873 9.68588 13.0934 9.34217 16.7148 10.9332 8.6482
threshold=-0.19970031082630155 70942.855468750015 1.6330173611640932 3322.5632324218755 -1.2777948975563047 3036.8271484375005 3273.637573242188
decision_type=2 2 2 2 2 2 2
left_child=1 2 -1 5 -5 -2 -3
right_child=3 6 -4 4 -6 -7 -8
leaf_value=0.0062193410345504421 -0.0040680670245366469 -0.0049074261825548665 -0.054350408611900242 0.0037444456804391676 -0.077620707929463392 0.033708098182735097 0.049624954025365424
leaf_weight=70.872387267649174 163.4615766108036 10.813416652381418 10.202556371688841 14.187509179115297 11.21449553221464 21.69288133084774 21.24153508245945
leaf_count=185 469 32 41 39 54 47 36
internal_value=0.000405365 0.00779909 -0.00134115 -0.00354347 -0.0319799 0.000330822 0.031073
internal_weight=323.686 113.13 81.0749 210.556 25.402 185.154 32.055
internal_count=903 294 226 609 93 516 68
is_linear=0
shrinkage=0.05


Tree=99
num_leaves=8
num_cat=0
split_feature=31 31 26 40 57 40 21
split_gain=3.67986 9.89556 12.7212 7.92574 10.0948 6.17938 4.91199
threshold=9.7726554870605487 6.9543826580047616 13.163957595825197 1.0000000180025095e-35 95.912010192871108 -1.042596101760864 -387.29949951171869
decision_type=2 2 2 2 2 2 2
left_child=1 5 -3 6 -5 -1 -2
right_child=3 2 -4 4 -6 -7 -8
leaf_value=-0.017236253295176081 0.0001541443448783527 -0.082129374676424102 0.0090524580736248868 -0.072707377030498108 0.055613340829345104 0.004001346605322662 0.059990016142601667
leaf_weight=39.764170370995998 5.4207323566079149 8.3028149828314763 6.9272702038288108 4.1966136246919623 2.3755678981542587 245.85142329335213 10.201948717236519
leaf_count=126 15 37 19 20 5 665 16
internal_value=0.000383835 -0.00104986 -0.0403278 0.0200424 -0.025564 0.00102708 0.0395483
internal_weight=323.041 300.846 15.2301 22.1949 6.57218 285.616 15.6227
internal_count=903 847 56 56 25 791 31
is_linear=0
shrinkage=0.05


end of trees

feature_importances:
vol_regime=45
macro_score=36
Net_Shorts=29
z_cvd_4=23
Agg._Funding_Rate=21
Price_Low=20
RSI=19
z_oi=18
z_ls=17
liq_short_5=17
z_bid_trades=17
z_ask_trades=17
Agg._Liq_Short=15
z_delta_qty=15
Bid_USD=13
z_btc_4=13
rsi=13
liq_short_5_mean=13
Long/Short_Ratio_(Account)=12
z_cvd_20=12
stoch_k=12
z_btc_10=11
z_btc_20=11
Bid_Trades=10
atr=10
liq_long_5=10
z_ask_qty=10
Delta_USD=9
Delta_Qty=8
ema_8=8
Net_Longs=7
liq_long_5_mean=7
Agg._OI=6
Ask_USD=5
ema_fast=5
CVD=4
Price_High=4
Bid_Qty=4
Ask_Qty=4
Ask_Trades=4
pull_ema21=4
Candle=3
Buy_Qty=3
Sell_Qty=3
Whale_Ind=3
btc_cvd_mom=3
ema_slow=3
z_bid_qty=3
ema_50=3
pull_ema8=3
Candle_Delta=2
z_cvd_10=2
funding=2
Agg._Liq_Long=1
Mid_Price=1
total_qty=1
cvd_delta=1
ema_21=1
pull_ema50=1
btc_CVD=1

parameters:
[boosting: gbdt]
[objective: binary]
[metric: binary_logloss]
[tree_learner: serial]
[device_type: cpu]
[data_sample_strategy: bagging]
[data: ]
[valid: ]
[num_iterations: 100]
[learning_rate: 0.05]
[num_leaves: 31]
[num_threads: 1]
[seed: 42]
[deterministic: 0]
[force_col_wise: 0]
[force_row_wise: 0]
[histogram_pool_size: -1]
[max_depth: 3]
[min_data_in_leaf: 10]
[min_sum_hessian_in_leaf: 0.001]
[bagging_fraction: 0.8]
[pos_bagging_fraction: 1]
[neg_bagging_fraction: 1]
[bagging_freq: 0]
[bagging_seed: 400]
[bagging_by_query: 0]
[feature_fraction: 0.8]
[feature_fraction_bynode: 1]
[feature_fraction_seed: 30056]
[extra_trees: 0]
[extra_seed: 12879]
[early_stopping_round: 0]
[early_stopping_min_delta: 0]
[first_metric_only: 0]
[max_delta_step: 0]
[lambda_l1: 0.1]
[lambda_l2: 0]
[linear_lambda: 0]
[min_gain_to_split: 0]
[drop_rate: 0.1]
[max_drop: 50]
[skip_drop: 0.5]
[xgboost_dart_mode: 0]
[uniform_drop: 0]
[drop_seed: 17869]
[top_rate: 0.2]
[other_rate: 0.1]
[min_data_per_group: 100]
[max_cat_threshold: 32]
[cat_l2: 10]
[cat_smooth: 10]
[max_cat_to_onehot: 4]
[top_k: 20]
[monotone_constraints: ]
[monotone_constraints_method: basic]
[monotone_penalty: 0]
[feature_contri: ]
[forcedsplits_filename: ]
[refit_decay_rate: 0.9]
[cegb_tradeoff: 1]
[cegb_penalty_split: 0]
[cegb_penalty_feature_lazy: ]
[cegb_penalty_feature_coupled: ]
[path_smooth: 0]
[interaction_constraints: ]
[verbosity: -1]
[saved_feature_importance_type: 0]
[use_quantized_grad: 0]
[num_grad_quant_bins: 4]
[quant_train_renew_leaf: 0]
[stochastic_rounding: 1]
[linear_tree: 0]
[max_bin: 63]
[max_bin_by_feature: ]
[min_data_in_bin: 3]
[bin_construct_sample_cnt: 200000]
[data_random_seed: 175]
[is_enable_sparse: 1]
[enable_bundle: 1]
[use_missing: 1]
[zero_as_missing: 0]
[feature_pre_filter: 1]
[pre_partition: 0]
[two_round: 0]
[header: 0]
[label_column: ]
[weight_column: ]
[group_column: ]
[ignore_column: ]
[categorical_feature: ]
[forcedbins_filename: ]
[precise_float_parser: 0]
[parser_config_file: ]
[objective_seed: 16083]
[num_class: 1]
[is_unbalance: 0]
[scale_pos_weight: 3.93443]
[sigmoid: 1]
[boost_from_average: 1]
[reg_sqrt: 0]
[alpha: 0.9]
[fair_c: 1]
[poisson_max_delta_step: 0.7]
[tweedie_variance_power: 1.5]
[lambdarank_truncation_level: 30]
[lambdarank_norm: 1]
[label_gain: ]
[lambdarank_position_bias_regularization: 0]
[eval_at: ]
[multi_error_top_k: 1]
[auc_mu_weights: ]
[num_machines: 1]
[local_listen_port: 12400]
[time_out: 120]
[machine_list_filename: ]
[machines: ]
[gpu_platform_id: -1]
[gpu_device_id: -1]
[gpu_use_dp: 0]
[num_gpu: 1]

end of parameters

pandas_categorical:[]
