tree
version=v4
num_class=1
num_tree_per_iteration=1
label_index=0
max_feature_idx=60
objective=binary sigmoid:1
feature_names=Candle Buy_Qty Sell_Qty Candle_Delta Agg._Liq_Long Agg._Liq_Short CVD Long/Short_Ratio_(Account) Whale_Ind Agg._OI Agg._Funding_Rate RSI Net_Shorts Net_Longs Price_Low Price_High Mid_Price Bid_Qty Ask_Qty Bid_USD Ask_USD Delta_Qty Delta_USD Bid_Trades Ask_Trades total_qty atr cvd_delta btc_cvd_mom ema_fast ema_slow macro_score macro z_cvd_4 z_btc_4 z_cvd_10 z_btc_10 z_cvd_20 z_btc_20 vol_regime z_oi z_ls funding liq_long_5 liq_short_5 z_bid_qty z_ask_qty z_delta_qty z_bid_trades z_ask_trades ema_8 ema_21 ema_50 pull_ema8 pull_ema21 pull_ema50 rsi stoch_k liq_long_5_mean liq_short_5_mean btc_CVD
feature_infos=[304:114091] [84820.5:35195720] [85155.203125:31563314] [-8151840.5:10865821] [0:2754060.5] [0:50521852] [-6140518912:-32888472] [0:6.4043889045715332] [0:3.9928998947143555] [0:129392120] [-0.013764999806880951:0.0029760000761598349] [0:95.419998168945312] [0:56399640] [0:93215592] [0.37999999523162842:5.1500000953674316] [0.37999999523162842:5.1500000953674316] [0.37999999523162842:5.1500000953674316] [0:1855925.25] [0:1521306.75] [0:736671.1875] [0:705541.625] [-686842.125:1249040.25] [-495740.59375:576845.625] [0:1536] [0:1792] [0:1285594.375] [0.0007142850081436336:0.11500000953674316] [-18314240:11666944] [-14221.625:6204.5] [0.37553152441978455:5.1541242599487305] [0.39275988936424255:4.8600940704345703] [-63.875049591064453:28.267642974853516] [-1:1] [-1.4999134540557861:1.4994863271713257] [-1.4999138116836548:1.4997597932815552] [-2.7912559509277344:2.8041772842407227] [-2.8145694732666016:2.8367669582366943] [-4.0825190544128418:4.0640096664428711] [-3.8845658302307129:4.1315202713012695] [-2.9109702110290527:5.6300921440124512] [-9.7234115600585938:6.5661544799804688] [-4.7297344207763672:5.5112504959106445] [-0.013764999806880951:0.0029760000761598349] [0:8769771] [0:50553376] [-1.6623313426971436:2.8314051628112793] [-1.8309222459793091:2.7698659896850586] [-2.8127715587615967:2.7714483737945557] [-1.746052622795105:2.7293300628662109] [-1.7949918508529663:2.7983365058898926] [0.37213179469108582:5.1670527458190918] [0.37050196528434753:5.1972360610961914] [0.37014743685722351:5.2069573402404785] [-10.865926742553711:10.946933746337891] [-11.49736499786377:14.155429840087891] [-18.797117233276367:17.370683670043945] [0:100] [0:100] [0:1777254.375] [0:2730712.25] [-2646353.25:-977199.1875]
tree_sizes=765 772 868 984 976 972 981 874 970 769 872 972 772 977 774 777 769 869 774 771 885 874 881 775 875 885 779 775 874 870 780 878 877 779 774 781 778 982 782 777 775 985 984 761 777 988 779 781 884 988 987 783 679 990 680 774 888 883 779 983 780 782 965 980 780 986 676 892 879 679 776 755 875 986 775 781 984 683 774 984 889 757 688 979 979 782 988 776 783 885 781 985 982 675 860 883 882 983 988 780

Tree=0
num_leaves=6
num_cat=0
split_feature=26 26 7 47 44
split_gain=175.34 46.6047 43.2315 29.7653 16.2277
threshold=0.0021107111824676399 0.0064285674598068008 1.7831651568412783 1.2103787064552309 1882.1350097656252
decision_type=2 2 2 2 2
left_child=4 2 -2 -3 -1
right_child=1 3 -4 -5 -6
leaf_value=-0.929850026771325 -0.9928125231032543 -0.98545985269374581 -0.9348696771691003 -1.0928756896071696 -0.83644073706740529
leaf_weight=5.9296377301216117 46.978757441043854 225.55844014883041 104.49487769603729 6.6050122976303092 26.549053907394409
leaf_count=18 181 848 325 34 49
internal_value=-0.964955 -0.974417 -0.952807 -0.988537 -0.853341
internal_weight=416.116 383.637 151.474 232.163 32.4787
internal_count=1455 1388 506 882 67
is_linear=0
shrinkage=1


Tree=1
num_leaves=6
num_cat=0
split_feature=26 1 37 26 44
split_gain=138.891 39.5333 27.1941 26.9939 11.8459
threshold=0.0021107111824676399 787406.00000000012 -2.2506883144378658 0.0035714273108169441 1882.1350097656252
decision_type=2 2 2 2 2
left_child=4 2 -2 -3 -1
right_child=1 3 -4 -5 -6
leaf_value=0.087088379568025953 -0.067106146970201327 0.080430205851282244 0.081138304762437802 0.033229785344643409 0.16523337990516695
leaf_weight=6.1929467916488639 3.1665436178445807 34.41817718744278 90.018412873148918 265.20389957726002 28.823647439479828
leaf_count=18 16 105 277 990 49
internal_value=0.056073 0.0475485 0.0760471 0.0386685 0.151556
internal_weight=427.824 392.807 93.185 299.622 35.0166
internal_count=1455 1388 293 1095 67
is_linear=0
shrinkage=0.05


Tree=2
num_leaves=7
num_cat=0
split_feature=26 7 26 40 59 44
split_gain=114.02 34.968 40.0354 18.2675 10.2327 2.82821
threshold=0.0021107111824676399 1.7831651568412783 0.0064285674598068008 0.4578938633203507 1.0000000180025095e-35 1882.1350097656252
decision_type=2 2 2 2 2 2
left_child=4 3 -3 -2 -1 -6
right_child=1 2 -4 -5 5 -7
leaf_value=0.010524321936773143 0.0081859843302674058 0.077496456638251082 0.038227648004062906 0.046333445616507152 0.10236938427388727 0.1476664513487482
leaf_weight=1.6386666744947422 80.751966804265976 111.7926227003336 156.78781343996525 51.757643401622772 4.7828685343265525 30.589429676532745
leaf_count=6 320 325 563 180 12 49
internal_value=0.0519748 0.0442078 0.0545913 0.0231239 0.136011 0.141683
internal_weight=438.101 401.09 268.58 132.51 37.011 35.3723
internal_count=1455 1388 888 500 67 61
is_linear=0
shrinkage=0.05


Tree=3
num_leaves=8
num_cat=0
split_feature=26 26 7 17 36 45 58
split_gain=98.2884 25.9097 24.6632 28.0853 24.3489 22.815 8.41714
threshold=0.0035714273108169441 0.0021107111824676399 1.7831651568412783 45670.650390625007 -1.4590740799903867 -0.51466006040573109 1.0000000180025095e-35
decision_type=2 2 2 2 2 2 2
left_child=1 6 5 -4 -3 -2 -1
right_child=2 4 3 -5 -6 -7 -8
leaf_value=0.0099554424419151209 0.042316077763929455 -0.039258394388837235 0.036117628180209006 0.079606629978377974 0.080227729408232418 -0.0024294277891916283 0.12888706509209916
leaf_weight=1.6455080956220616 49.699443995952606 4.5353410542011252 181.58018565177917 47.042507976293564 59.365999639034271 66.291714459657669 36.898463696241379
leaf_count=6 173 20 631 133 162 269 61
internal_value=0.0483539 0.091384 0.0355475 0.045088 0.0716691 0.0166998 0.123939
internal_weight=447.059 102.445 344.614 228.623 63.9013 115.991 38.544
internal_count=1455 249 1206 764 182 442 67
is_linear=0
shrinkage=0.05


Tree=4
num_leaves=8
num_cat=0
split_feature=26 2 44 26 36 43 44
split_gain=84.4239 26.0721 23.152 22.3955 21.0878 11.9951 7.11793
threshold=0.0035714273108169441 353196.70312500006 1015776.3437500001 0.0021107111824676399 -1.4590740799903867 44293.025390625007 1882.1350097656252
decision_type=2 2 2 2 2 2 2
left_child=3 5 -3 6 -5 -2 -1
right_child=1 2 -4 4 -6 -7 -8
leaf_value=0.066193899282724109 0.11291507395829692 0.027360534242901344 0.094507380767704152 -0.037924280956879025 0.073960032764422076 0.0076253656794301773 0.12404140049446899
leaf_weight=6.8356413394212714 14.221141651272776 318.46299566328526 13.449077576398848 4.4620327800512305 61.128756731748581 3.4684586971998206 32.869449734687805
leaf_count=18 32 1125 36 20 162 13 49
internal_value=0.0451159 0.033271 0.0300964 0.0843957 0.0662725 0.0925532 0.114208
internal_weight=454.898 349.602 331.912 105.296 65.5908 17.6896 39.7051
internal_count=1455 1206 1161 249 182 45 67
is_linear=0
shrinkage=0.05


Tree=5
num_leaves=8
num_cat=0
split_feature=26 1 2 26 36 7 12
split_gain=73.5334 23.275 23.8537 19.8685 18.3908 18.1224 6.79706
threshold=0.0035714273108169441 787406.00000000012 768901.40625000012 0.0021107111824676399 -1.4590740799903867 1.7831651568412783 15526887.500000002
decision_type=2 2 2 2 2 2 2
left_child=3 5 -3 6 -5 -2 -1
right_child=1 2 -4 4 -6 -7 -8
leaf_value=0.04570972366313316 0.014631162150546504 -0.071060216852007266 0.026846331154926996 -0.036637201969181576 0.068518053061842818 0.071384420998049494 0.11350477543829923
leaf_weight=4.4075847119092932 19.387798175215721 6.3383586257696143 274.8145836442709 4.3897118866443625 62.643276572227478 53.646142229437828 36.115130573511124
leaf_count=12 71 30 960 20 162 145 55
internal_value=0.0422045 0.0311856 0.0246213 0.0784438 0.0615573 0.056387 0.106254
internal_weight=461.743 354.187 281.153 107.556 67.033 73.0339 40.5227
internal_count=1455 1206 990 249 182 216 67
is_linear=0
shrinkage=0.05


Tree=6
num_leaves=8
num_cat=0
split_feature=26 2 12 26 36 43 58
split_gain=64.7314 20.8106 28.5099 17.9417 16.1312 9.42699 6.20621
threshold=0.0035714273108169441 353196.70312500006 15019075.000000002 0.0021107111824676399 -1.4590740799903867 44293.025390625007 1.0000000180025095e-35
decision_type=2 2 2 2 2 2 2
left_child=3 5 -3 6 -5 -2 -1
right_child=1 2 -4 4 -6 -7 -8
leaf_value=0.0035577067033708992 0.098177249669279751 -0.033772718971345345 0.029918300827658034 -0.035393638148528923 0.063737473384618742 0.0057040828255686613 0.10362654053922112
leaf_weight=1.7208761870861042 15.056585237383844 18.51401761174202 321.23602342605591 4.3185838162899008 63.939377471804619 3.5161958038806906 39.352552488446236
leaf_count=6 32 79 1082 20 162 13 61
internal_value=0.0395707 0.029272 0.0264329 0.0732779 0.0573923 0.0809395 0.0995556
internal_weight=467.654 358.323 339.75 109.331 68.258 18.5728 41.0734
internal_count=1455 1206 1161 249 182 45 67
is_linear=0
shrinkage=0.05


Tree=7
num_leaves=7
num_cat=0
split_feature=26 37 35 18 59 11
split_gain=58.1771 23.5242 21.9097 20.1418 5.49812 1.80759
threshold=0.0021107111824676399 -1.6368902325630186 0.74191346764564525 75828.699218750015 1.0000000180025095e-35 68.645000457763686
decision_type=2 2 2 2 2 2
left_child=4 3 -3 -2 -1 -6
right_child=1 2 -4 -5 5 -7
leaf_value=0.0033756285583669897 0.0019314767948895224 0.052141153839380477 0.025576244578490032 0.052275169425132564 0.10354884770284151 0.074450953709922552
leaf_weight=1.722960129380225 93.385772824287415 156.94264088571072 155.73815946280956 25.3176379352808 31.477941378951073 8.175800219178198
leaf_count=6 347 457 509 75 46 15
internal_value=0.0371736 0.031724 0.0389259 0.0127111 0.0938697 0.0976755
internal_weight=472.761 431.384 312.681 118.703 41.3767 39.6537
internal_count=1455 1388 966 422 67 61
is_linear=0
shrinkage=0.05


Tree=8
num_leaves=8
num_cat=0
split_feature=26 56 1 33 55 39 34
split_gain=53.6939 19.4999 20.5132 17.9663 14.807 15.106 3.24447
threshold=0.0035714273108169441 11.111100196838381 787406.00000000012 0.10030911862850191 5.1746609210968026 -0.8098623752593993 1.3778874278068545
decision_type=2 2 2 2 2 2 2
left_child=4 3 -3 -2 5 -1 -6
right_child=1 2 -4 -5 6 -7 -8
leaf_value=0.074759645945348549 -0.052878127440677151 0.051991026513392026 0.022027606784661889 0.069519698681430861 0.10055138329705673 0.029810640074877756 0.062201341050112859
leaf_weight=38.580087274312973 13.608018174767496 72.52446411550045 276.05128289759159 3.8169190138578406 27.68615248799324 37.253717228770256 7.8920467644929877
leaf_count=81 59 202 935 10 46 106 16
internal_value=0.0349629 0.0256889 0.0282761 -0.02578 0.065384 0.0527442 0.092185
internal_weight=477.413 366.001 348.576 17.4249 111.412 75.8338 35.5782
internal_count=1455 1206 1137 69 249 187 62
is_linear=0
shrinkage=0.05


Tree=9
num_leaves=6
num_cat=0
split_feature=26 37 44 1 44
split_gain=49.42 19.4805 23.9077 19.1539 6.23365
threshold=0.0021107111824676399 -1.6368902325630186 589517.71875000012 3211292.8750000005 1882.1350097656252
decision_type=2 2 2 2 2
left_child=4 2 -2 -3 -1
right_child=1 3 -4 -5 -6
leaf_value=0.042351282073395148 0.002946687113327291 0.040065039921127255 0.07474676945884777 0.0076493567780612495 0.094347859195302294
leaf_weight=7.4003815799951544 107.14739724993706 264.28979896008968 13.026789650321005 55.544893190264702 34.044278621673584
leaf_count=18 388 774 34 192 49
internal_value=0.0329285 0.0279951 0.0107714 0.0344511 0.085184
internal_weight=481.454 440.009 120.174 319.835 41.4447
internal_count=1455 1388 422 966 67
is_linear=0
shrinkage=0.05


Tree=10
num_leaves=7
num_cat=0
split_feature=26 7 17 23 12 0
split_gain=45.5368 21.2486 23.1884 15.612 5.29029 0.443212
threshold=0.0021107111824676399 1.7831651568412783 40711.099609375007 6.5000000000000009 15526887.500000002 21514.500000000004
decision_type=2 2 2 2 2 2
left_child=4 3 -3 -2 -1 -6
right_child=1 2 -4 -5 5 -7
leaf_value=0.029177316431038037 0.038602026245806817 0.02511024781433091 0.055973833074701718 0.00085069933178027871 0.09165757078720746 0.074093340573625266
leaf_weight=4.5981371849775305 36.906373754143715 213.71432606875896 85.786758929491043 107.28894723951817 28.29333770275116 8.3301267176866514
leaf_count=12 114 671 217 386 41 14
internal_value=0.0310544 0.0263675 0.0339673 0.0105477 0.0813813 0.0877991
internal_weight=484.918 443.696 299.501 144.195 41.2216 36.6235
internal_count=1455 1388 888 500 67 55
is_linear=0
shrinkage=0.05


Tree=11
num_leaves=8
num_cat=0
split_feature=7 30 47 5 47 19 9
split_gain=25.3645 31.3332 18.182 14.564 14.2555 16.0598 14.7195
threshold=1.7831651568412783 1.0704582333564761 1.2103787064552309 190253.05468750003 0.65128827095031749 5934.7751464843759 75637620.000000015
decision_type=2 2 2 2 2 2 2
left_child=4 3 -3 -2 6 -6 -1
right_child=1 2 -4 -5 5 -7 -8
leaf_value=7.9817088014779352e-06 0.047605217629911857 0.024146697150865787 -0.072556038308285553 0.10335191707348551 0.03377467321271594 -0.049439128243721257 0.034591991613002589
leaf_weight=55.664327085018158 161.08789338171482 157.76342172920704 4.9912014156579962 12.828873217105864 8.6656816005706805 17.241254508495331 69.59578911960125
leaf_count=200 401 497 23 22 26 74 212
internal_value=0.0293233 0.0369703 0.0211504 0.0517461 0.0122592 -0.0214117 0.0192631
internal_weight=487.838 336.671 162.755 173.917 151.167 25.9069 125.26
internal_count=1455 943 520 423 512 100 412
is_linear=0
shrinkage=0.05


Tree=12
num_leaves=6
num_cat=0
split_feature=26 1 40 37 44
split_gain=41.347 18.4111 21.9962 17.3356 5.86118
threshold=0.0021107111824676399 787406.00000000012 0.76587393879890453 -2.2506883144378658 1882.1350097656252
decision_type=2 2 2 2 2
left_child=4 3 -3 -2 -1
right_child=1 2 -4 -5 -6
leaf_value=0.034936148707139722 -0.070314140527584917 0.0085131512518992741 0.035504322046078313 0.044712210974067031 0.085189104442667529
leaf_weight=7.4811532795429221 3.346505641937255 226.65798059105873 113.71239313483238 106.36572417616844 33.136885523796082
leaf_count=18 16 757 338 277 49
internal_value=0.0276883 0.0233122 0.0175452 0.041158 0.0760565
internal_weight=490.701 450.083 340.37 109.712 40.618
internal_count=1455 1388 1095 293 67
is_linear=0
shrinkage=0.05


Tree=13
num_leaves=8
num_cat=0
split_feature=26 56 2 55 39 4 8
split_gain=38.7095 16.6842 16.011 12.432 12.7411 11.4639 3.10097
threshold=0.0035714273108169441 11.111100196838381 353196.70312500006 5.1746609210968026 -0.86903050541877735 1.0000000180025095e-35 1.2613000273704531
decision_type=2 2 2 2 2 2 2
left_child=3 5 -3 4 -1 -2 -5
right_child=1 2 -4 6 -6 -7 -8
leaf_value=0.062388980925165309 0.0061810931240245202 0.06537525171846427 0.018360672663740609 0.08589931484401056 0.021409961991486509 -0.074432644017497385 0.050920894611531237
leaf_weight=35.968396335840225 10.020270437002184 19.222856447100639 343.22811272740364 25.908398449420929 41.228213220834732 7.7367214709520331 9.5205446481704694
leaf_count=74 34 42 1095 41 113 35 21
internal_value=0.0261888 0.0185416 0.0208679 0.0519601 0.0405682 -0.0286607 0.076641
internal_weight=492.834 380.208 362.451 112.626 77.1966 17.757 35.4289
internal_count=1455 1206 1137 249 187 69 62
is_linear=0
shrinkage=0.05


Tree=14
num_leaves=6
num_cat=0
split_feature=26 7 21 28 44
split_gain=36.4268 16.2932 20.4317 13.9212 5.86316
threshold=0.0021107111824676399 1.7831651568412783 5676.7497558593759 1403.5625000000002 1882.1350097656252
decision_type=2 2 2 2 2
left_child=4 3 -3 -2 -1
right_child=1 2 -4 -5 -6
leaf_value=0.029952044629229586 0.0099836205977874883 0.021944275259774666 0.058437950135957553 -0.074012951918068032 0.080234844785338433
leaf_weight=7.4967937618494025 142.03940425813198 262.71156686544418 45.191802397370338 5.0995520055294028 32.09690910577774
leaf_count=18 477 779 109 23 49
internal_value=0.0247887 0.0207707 0.0273168 0.00703848 0.0708404
internal_weight=494.636 455.042 307.903 147.139 39.5937
internal_count=1455 1388 888 500 67
is_linear=0
shrinkage=0.05


Tree=15
num_leaves=6
num_cat=0
split_feature=26 56 26 2 44
split_gain=34.1597 15.7836 14.8061 12.097 5.64781
threshold=0.0021107111824676399 18.393229484558109 0.0064285674598068008 822336.18750000012 1882.1350097656252
decision_type=2 2 2 2 2
left_child=4 3 -3 -2 -1
right_child=1 2 -4 -5 -6
leaf_value=0.028444068741316181 0.040513136565724937 0.034436003221111663 0.014987290635510547 -0.021072065877220908 0.077891557252554769
leaf_weight=7.4994439184665671 10.135397210717199 164.18132588267326 245.97099438309669 36.941582188010216 31.426308989524841
leaf_count=18 27 435 789 137 49
internal_value=0.0234776 0.0196343 0.0227847 -0.00770692 0.0684934
internal_weight=496.155 457.229 410.152 47.077 38.9258
internal_count=1455 1388 1224 164 67
is_linear=0
shrinkage=0.05


Tree=16
num_leaves=6
num_cat=0
split_feature=26 1 9 41 44
split_gain=32.1074 14.3146 19.2383 17.06 5.46777
threshold=0.0021107111824676399 787406.00000000012 46935842.000000007 2.0825122594833378 1882.1350097656252
decision_type=2 2 2 2 2
left_child=4 3 -3 -2 -1
right_child=1 2 -4 -5 -6
leaf_value=0.027023445883652571 0.026842356702248965 -0.015888705292882326 0.018240938632071196 0.086995907951277068 0.075788608262622237
leaf_weight=7.4990043193101874 98.561754778027534 47.740683168172836 299.3218624740839 13.509613513946531 30.70171982049942
leaf_count=18 268 173 922 25 49
internal_value=0.0222522 0.0185725 0.0135318 0.0341382 0.0663466
internal_weight=497.335 459.134 347.063 112.071 38.2007
internal_count=1455 1388 1095 293 67
is_linear=0
shrinkage=0.05


Tree=17
num_leaves=7
num_cat=0
split_feature=53 7 17 22 1 33
split_gain=21.7181 15.7142 19.8902 15.5334 4.65491 2.51691
threshold=3.6222736835479741 1.7831651568412783 40711.099609375007 -12288.264648437498 3211292.8750000005 1.339822590351105
decision_type=2 2 2 2 2 2
left_child=1 3 -3 -1 5 -2
right_child=4 2 -4 -5 -6 -7
leaf_value=-0.058992244062781134 0.078134046051188302 0.016360858626418017 0.043965381767389913 0.0089100666937235572 0.022628935250785714 0.042345014849638263
leaf_weight=8.9499181210994703 20.17378652095795 221.27751584351063 93.197852686047554 139.9582474976778 7.2982982844114295 7.4632251858711234
leaf_count=39 34 665 222 460 19 16
internal_value=0.0210995 0.0182178 0.0245576 0.00479532 0.0591792 0.0686503
internal_weight=498.319 463.384 314.475 148.908 34.9353 27.637
internal_count=1455 1386 887 499 69 50
is_linear=0
shrinkage=0.05


Tree=18
num_leaves=6
num_cat=0
split_feature=26 56 22 18 44
split_gain=29.2014 13.9154 13.8963 12.8334 5.58556
threshold=0.0021107111824676399 18.393229484558109 2939.4799804687505 2201.900024414063 1882.1350097656252
decision_type=2 2 2 2 2
left_child=4 3 -3 -2 -1
right_child=1 2 -4 -5 -6
leaf_value=0.023263166320882947 -0.075570492281844953 0.031402684974199756 0.012428212632788422 0.0010319298069056022 0.07276578130982865
leaf_weight=7.4667396992444983 6.2878547906875601 154.64802339673042 260.47246967256069 41.019254565238953 29.404962122440338
leaf_count=18 28 432 792 136 49
internal_value=0.0200062 0.0165771 0.019509 -0.00904404 0.0628768
internal_weight=499.299 462.428 415.12 47.3071 36.8717
internal_count=1455 1388 1224 164 67
is_linear=0
shrinkage=0.05


Tree=19
num_leaves=6
num_cat=0
split_feature=26 37 44 29 44
split_gain=27.5697 13.2921 19.2132 18.5127 5.44264
threshold=0.0021107111824676399 -1.6368902325630186 589517.71875000012 3.8371437788009648 1882.1350097656252
decision_type=2 2 2 2 2
left_child=4 2 -2 -3 -1
right_child=1 3 -4 -5 -6
leaf_value=0.022126867475988698 -0.0050135247811290981 0.018111730683570401 0.05719673286863719 0.071038193161533009 0.071154107755555765
leaf_weight=7.4578996598720542 112.39461214840412 320.16603744029999 13.945950046181677 17.503854140639305 28.588151872158051
leaf_count=18 388 925 34 41 49
internal_value=0.018979 0.0156923 0.0018139 0.0208701 0.0611491
internal_weight=500.057 464.01 126.341 337.67 36.0461
internal_count=1455 1388 422 966 67
is_linear=0
shrinkage=0.05


Tree=20
num_leaves=7
num_cat=0
split_feature=26 44 21 23 25 26
split_gain=26.6611 15.6246 16.7201 16.5815 11.4064 9.38145
threshold=0.0035714273108169441 589517.71875000012 -5038.7499999999991 2.5000000000000004 67085.699218750015 0.0021107111824676399
decision_type=2 2 2 2 2 2
left_child=4 2 -2 -3 5 -1
right_child=1 3 -4 -5 -6 -7
leaf_value=0.064738464807886795 -0.002194733262356397 -0.034499369744042253 0.019607793557771789 0.054840334661713432 -0.045382664976235491 0.032524270905197404
leaf_weight=33.984967365860939 178.69033899903297 6.0452393293380728 172.44741836190224 34.404541701078415 3.7293705195188513 71.292981266975403
leaf_count=62 585 22 515 84 14 173
internal_value=0.0180125 0.0119062 0.00849848 0.0413649 0.0399023 0.0429709
internal_weight=500.595 391.588 351.138 40.4498 109.007 105.278
internal_count=1455 1206 1100 106 249 235
is_linear=0
shrinkage=0.05


Tree=21
num_leaves=7
num_cat=0
split_feature=26 1 40 28 12 41
split_gain=24.5273 12.655 18.8978 15.8487 5.0631 0.457108
threshold=0.0021107111824676399 787406.00000000012 0.76587393879890453 321.00000000000006 25764363.000000004 -1.614223778247833
decision_type=2 2 2 2 2 2
left_child=4 3 -3 -2 -1 -6
right_child=1 2 -4 -5 5 -7
leaf_value=0.014507406275773219 0.01861931141836231 0.0011603963443278101 0.025686410921046527 0.063869404035579905 0.049953583677216418 0.070343697998100849
leaf_weight=5.8624620884656897 88.413737684488297 234.70555567741394 118.39565137028694 25.001849994063377 5.3582682609558132 23.130449831485748
leaf_count=15 241 757 338 52 11 41
internal_value=0.017103 0.0140865 0.00939819 0.0286385 0.0579251 0.0666842
internal_weight=500.868 466.517 353.101 113.416 34.3512 28.4887
internal_count=1455 1388 1095 293 67 52
is_linear=0
shrinkage=0.05


Tree=22
num_leaves=7
num_cat=0
split_feature=26 44 9 55 39 34
split_gain=23.3988 14.7594 14.4355 10.6281 10.7414 3.78641
threshold=0.0035714273108169441 1476456.1875000002 95314628.000000015 5.1746609210968026 -0.86903050541877735 1.3778874278068545
decision_type=2 2 2 2 2 2
left_child=3 2 -2 4 -1 -5
right_child=1 -3 -4 5 -6 -7
leaf_value=0.047324168052931097 0.012600373626522355 0.075180763852083152 -0.017799156574726745 0.070028078410579883 0.0092142617414065747 0.026282368954613857
leaf_weight=34.158390939235687 340.95458367466927 8.6688872873783094 43.977125510573387 25.484248325228691 41.185897976160049 6.6369254589080802
leaf_count=74 1036 18 152 46 113 16
internal_value=0.0162458 0.0105821 0.00911434 0.0369427 0.0265583 0.0611449
internal_weight=501.066 393.601 384.932 107.465 75.3443 32.1212
internal_count=1455 1206 1188 249 187 62
is_linear=0
shrinkage=0.05


Tree=23
num_leaves=6
num_cat=0
split_feature=26 7 21 23 44
split_gain=22.1907 12.1154 15.7219 13.3774 5.93708
threshold=0.0021107111824676399 1.7831651568412783 5676.7497558593759 6.5000000000000009 1882.1350097656252
decision_type=2 2 2 2 2
left_child=4 3 -3 -2 -1
right_child=1 2 -4 -5 -6
leaf_value=0.014399174393691622 0.026190917997660313 0.013539120060149377 0.045050033805926523 -0.0077447524435025469 0.066564252411718761
leaf_weight=7.2614594101905814 39.120621711015701 270.11740417778492 46.632854670286179 112.57137721776962 25.602760076522827
leaf_count=18 114 779 109 386 49
internal_value=0.0154287 0.0126285 0.018194 0.000974129 0.0551903
internal_weight=501.306 468.442 316.75 151.692 32.8642
internal_count=1455 1388 888 500 67
is_linear=0
shrinkage=0.05


Tree=24
num_leaves=7
num_cat=0
split_feature=26 56 18 34 12 41
split_gain=21.0081 11.7653 11.75 11.0372 5.09055 0.50797
threshold=0.0021107111824676399 18.393229484558109 2201.900024414063 -1.1880462169647215 25764363.000000004 -1.614223778247833
decision_type=2 2 2 2 2 2
left_child=4 2 -2 -3 -1 -6
right_child=1 3 -4 -5 5 -7
leaf_value=0.010143713565185843 -0.075351742336280725 0.033917526538565716 -0.0017296379445357693 0.011220583540403917 0.045371362440217784 0.067160008045198893
leaf_weight=5.7265294045209911 6.2628161758184424 63.375353053212166 41.444705292582512 358.1487722247839 4.9311894178390565 21.336379498243328
leaf_count=15 28 171 136 1053 11 41
internal_value=0.0146628 0.0119761 -0.0114992 0.0146449 0.0539091 0.06326
internal_weight=501.226 469.232 47.7075 421.524 31.9941 26.2676
internal_count=1455 1388 164 1224 67 52
is_linear=0
shrinkage=0.05


Tree=25
num_leaves=7
num_cat=0
split_feature=26 44 11 9 25 26
split_gain=20.0179 13.4952 15.7753 14.4141 9.82828 8.10464
threshold=0.0035714273108169441 589517.71875000012 73.455001831054702 95314628.000000015 67085.699218750015 0.0021107111824676399
decision_type=2 2 2 2 2 2
left_child=4 3 -3 -2 5 -1
right_child=1 2 -4 -5 -6 -7
leaf_value=0.058284799214162665 0.0091392580360411015 0.047032511168898714 -0.050208021938903794 -0.023185020851915435 -0.045709129384048169 0.027021619942812533
leaf_weight=29.946474969387054 316.39767271280289 36.483600676059723 4.6607836186885825 38.639817401766777 3.7361158132553092 71.444371491670609
leaf_count=62 963 88 18 137 14 173
internal_value=0.0139293 0.00876537 0.0358957 0.00560722 0.0333425 0.0363047
internal_weight=501.309 396.182 41.1444 355.037 105.127 101.391
internal_count=1455 1206 106 1100 249 235
is_linear=0
shrinkage=0.05


Tree=26
num_leaves=6
num_cat=0
split_feature=26 37 35 9 44
split_gain=18.7169 11.0899 17.3873 15.1704 6.06031
threshold=0.0021107111824676399 -1.6368902325630186 0.74191346764564525 85643224.000000015 1882.1350097656252
decision_type=2 2 2 2 2
left_child=4 3 -3 -2 -1
right_child=1 2 -4 -5 -6
leaf_value=0.010060290361336342 -0.014270572889908753 0.026693773591346344 0.0041201271540379581 0.021870828402294592 0.063762953873233927
leaf_weight=7.0892794877290752 83.895032182335854 172.01877842843533 170.41890716552734 44.371590927243233 23.222776502370834
leaf_count=18 291 457 509 131 49
internal_value=0.0132416 0.0107757 0.0154743 -0.00172911 0.0513681
internal_weight=501.016 470.704 342.438 128.267 30.3121
internal_count=1455 1388 966 422 67
is_linear=0
shrinkage=0.05


Tree=27
num_leaves=6
num_cat=0
split_feature=26 1 40 41 44
split_gain=17.7282 10.8812 16.7761 15.0319 5.91414
threshold=0.0021107111824676399 787406.00000000012 0.76587393879890453 2.0825122594833378 1882.1350097656252
decision_type=2 2 2 2 2
left_child=4 3 -3 -2 -1
right_child=1 2 -4 -5 -6
leaf_value=0.0095744226381160868 0.016907944976507213 -0.0017766281781350234 0.021144180610849217 0.072895103766938071 0.062893914944943771
leaf_weight=7.0769070684909847 100.32599206268787 237.22380045056343 120.06639033555984 13.713351517915724 22.387640446424484
leaf_count=18 268 757 338 25 49
internal_value=0.012588 0.0102225 0.00591185 0.0236843 0.0502571
internal_weight=500.794 471.33 357.29 114.039 29.4645
internal_count=1455 1388 1095 293 67
is_linear=0
shrinkage=0.05


Tree=28
num_leaves=7
num_cat=0
split_feature=7 17 20 8 28 23
split_gain=13.3014 16.1392 16.103 15.8806 13.7971 14.05
threshold=1.7831651568412783 40711.099609375007 106740.21875000001 0.93224999308586132 1403.5625000000002 6.5000000000000009
decision_type=2 2 2 2 2 2
left_child=4 3 -3 -2 5 -1
right_child=1 2 -4 -5 -6 -7
leaf_value=0.029215164443722932 0.097421066812223234 0.050943773643209449 0.011036345429670344 0.0083640153864871017 -0.07839914061175994 -0.0059333321509678115
leaf_weight=37.774637758731842 5.1290583610534659 59.665491417050362 44.50435771048069 233.34492084383965 5.4246240109205237 114.58836430311203
leaf_count=105 9 128 121 685 24 383
internal_value=0.0119708 0.0175025 0.0339422 0.0103004 -1.00416e-05 0.00274805
internal_weight=500.431 342.644 104.17 238.474 157.788 152.363
internal_count=1455 943 249 694 512 488
is_linear=0
shrinkage=0.05


Tree=29
num_leaves=7
num_cat=0
split_feature=53 25 0 1 33 16
split_gain=13.1222 11.1338 11.9272 4.28202 2.79474 1.92564
threshold=3.6222736835479741 86786.648437500015 106810.50000000001 3211292.8750000005 1.339822590351105 0.74050000309944164
decision_type=2 2 2 2 2 2
left_child=1 2 -1 4 -2 -3
right_child=3 5 -4 -5 -6 -7
leaf_value=0.0082176695391744364 0.06503741347376156 -0.082470942853998697 0.042665336616028809 0.0075787786073703151 0.024629965295511619 -0.021585801075794199
leaf_weight=438.09212782979012 16.546211048960693 3.5284835994243613 26.753952816128731 6.6750414222478858 6.3889761716127387 2.4746726304292679
leaf_count=1298 34 15 64 19 16 9
internal_value=0.011372 0.00932814 0.010211 0.0437035 0.0539993 -0.0582052
internal_weight=500.459 470.849 464.846 29.6102 22.9352 6.00316
internal_count=1455 1386 1362 69 50 24
is_linear=0
shrinkage=0.05


Tree=30
num_leaves=6
num_cat=0
split_feature=26 56 54 22 44
split_gain=16.471 10.2869 10.7507 10.1675 5.88728
threshold=0.0021107111824676399 18.393229484558109 -2.1268398761749263 2939.4799804687505 1882.1350097656252
decision_type=2 2 2 2 2
left_child=4 2 -2 -3 -1
right_child=1 3 -4 -5 -6
leaf_value=0.0076123387074484433 -0.0045152023837013383 0.021100751675433384 -0.077960649772716509 0.0050741504077249566 0.061514470162069117
leaf_weight=6.9790462404489544 42.23048098385334 158.64186634123325 5.6806556433439246 266.13420297205448 20.889690518379211
leaf_count=18 139 432 25 792 49
internal_value=0.0108029 0.00858775 -0.0133277 0.0110714 0.0481954
internal_weight=500.556 472.687 47.9111 424.776 27.8687
internal_count=1455 1388 164 1224 67
is_linear=0
shrinkage=0.05


Tree=31
num_leaves=7
num_cat=0
split_feature=26 44 47 55 39 34
split_gain=15.5916 12.5651 12.2377 9.74324 9.74746 4.16124
threshold=0.0035714273108169441 1476456.1875000002 -1.0663108825683592 5.1746609210968026 -0.99132105708122242 1.3778874278068545
decision_type=2 2 2 2 2 2
left_child=3 2 -2 4 -1 -5
right_child=1 -3 -4 5 -6 -7
leaf_value=0.042519878078672746 -0.01690612009181831 0.064716260317154092 0.0081419922937823828 0.06224367788497423 0.0041094907488788126 0.013042904232061774
leaf_weight=25.981954783201218 57.01410636305809 8.8682899475097638 333.5554986000061 22.87730742990971 46.270295649766922 5.6250245571136466
leaf_count=59 193 18 995 46 128 16
internal_value=0.0102722 0.00582279 0.00447275 0.0278621 0.0179911 0.0527092
internal_weight=500.192 399.438 390.57 100.755 72.2523 28.5023
internal_count=1455 1206 1188 249 187 62
is_linear=0
shrinkage=0.05


Tree=32
num_leaves=7
num_cat=0
split_feature=7 30 47 5 28 23
split_gain=11.6355 14.22 16.3313 12.7227 12.5545 12.7737
threshold=1.7831651568412783 1.0704582333564761 1.2103787064552309 190253.05468750003 1403.5625000000002 6.5000000000000009
decision_type=2 2 2 2 2 2
left_child=4 3 -3 -2 5 -1
right_child=1 2 -4 -5 -6 -7
leaf_value=0.026291836703008359 0.02154125265536367 0.0076703848913905279 -0.080571432219870995 0.075931049133040801 -0.076932545063610788 -0.0071167169396252799
leaf_weight=38.100603312253952 156.29182910919189 168.35050611197948 5.4052168726921073 11.645023524761198 5.3205861747264853 114.70888631045818
leaf_count=105 401 497 23 22 24 383
internal_value=0.00976908 0.0149601 0.00489657 0.0253425 -0.00141619 0.00118045
internal_weight=499.823 341.693 173.756 167.937 158.13 152.809
internal_count=1455 943 520 423 512 488
is_linear=0
shrinkage=0.05


Tree=33
num_leaves=6
num_cat=0
split_feature=26 56 18 58 44
split_gain=14.6938 9.28318 10.638 10.2508 6.10894
threshold=0.0021107111824676399 18.393229484558109 2201.900024414063 531962.10937500012 1882.1350097656252
decision_type=2 2 2 2 2
left_child=4 2 -2 -3 -1
right_child=1 3 -4 -5 -6
leaf_value=0.0044445710498645296 -0.074749339568020073 0.008588449136250802 -0.0043593381264423071 0.069408422208581247 0.060192938820131797
leaf_weight=6.8568038940429714 6.1980154365301123 418.42117676138878 41.635277137160301 7.0714258700609198 19.325305461883545
leaf_count=18 28 1209 136 15 49
internal_value=0.00928579 0.00725632 -0.0135847 0.00961099 0.045784
internal_weight=499.508 473.326 47.8333 425.493 26.1821
internal_count=1455 1388 164 1224 67
is_linear=0
shrinkage=0.05


Tree=34
num_leaves=6
num_cat=0
split_feature=26 1 9 28 44
split_gain=13.8758 9.58067 15.0597 13.834 5.95284
threshold=0.0021107111824676399 787406.00000000012 46935842.000000007 321.00000000000006 1882.1350097656252
decision_type=2 2 2 2 2
left_child=4 3 -3 -2 -1
right_child=1 2 -4 -5 -6
leaf_value=0.0042265620991651341 0.010208954045910715 -0.022768780496311883 0.0069592807141063903 0.052385216021117932 0.05957482533712323
leaf_weight=6.8501321375370052 88.923649355769157 49.336275234818459 310.33365757763386 25.06286808848381 18.568681567907333
leaf_count=18 241 173 922 52 49
internal_value=0.00883092 0.00688709 0.00286755 0.0195264 0.0448557
internal_weight=499.075 473.656 359.67 113.987 25.4188
internal_count=1455 1388 1095 293 67
is_linear=0
shrinkage=0.05


Tree=35
num_leaves=6
num_cat=0
split_feature=26 59 39 27 44
split_gain=13.0958 9.05532 14.5679 11.8265 5.80401
threshold=0.0021107111824676399 242466.32031250003 0.096447106450796141 -862719.99999999988 1882.1350097656252
decision_type=2 2 2 2 2
left_child=4 3 -3 -2 -1
right_child=1 2 -4 -5 -6
leaf_value=0.0040190820586495793 -0.0080422048744206911 -0.0087554995110821418 0.058837715176261823 0.0099260312464484624 0.058997048399563573
leaf_weight=6.8437429219484356 129.45796927809715 13.11011992394924 19.887985557317734 311.28560148179531 17.8316630423069
leaf_count=18 426 43 45 874 49
internal_value=0.00840381 0.00654171 0.0318315 0.00463694 0.0439515
internal_weight=498.417 473.742 32.9981 440.744 24.6754
internal_count=1455 1388 88 1300 67
is_linear=0
shrinkage=0.05


Tree=36
num_leaves=6
num_cat=0
split_feature=26 1 40 41 44
split_gain=12.3578 8.59678 14.7926 13.3303 5.66157
threshold=0.0021107111824676399 787406.00000000012 0.76587393879890453 2.0825122594833378 1882.1350097656252
decision_type=2 2 2 2 2
left_child=4 3 -3 -2 -1
right_child=1 2 -4 -5 -6
leaf_value=0.003821632375278463 0.011829704934232851 -0.0047947615276460404 0.016650467073213597 0.064721790685471015 0.058456212730567274
leaf_weight=6.8376273363828686 100.36588014662266 238.87616318464279 121.09809504449368 13.600271269679068 17.114950805902481
leaf_count=18 268 757 338 25 49
internal_value=0.00799394 0.00621073 0.00240569 0.0181855 0.0430687
internal_weight=497.893 473.94 359.974 113.966 23.9526
internal_count=1455 1388 1095 293 67
is_linear=0
shrinkage=0.05


Tree=37
num_leaves=8
num_cat=0
split_feature=26 44 11 9 55 41 34
split_gain=11.7262 11.0131 13.7416 13.2041 9.13609 9.04694 4.44738
threshold=0.0035714273108169441 589517.71875000012 73.455001831054702 95314628.000000015 5.1746609210968026 -1.8382967710494993 1.3778874278068545
decision_type=2 2 2 2 2 2 2
left_child=4 3 -3 -2 5 -1 -6
right_child=1 2 -4 -5 6 -7 -8
leaf_value=-0.04872384460454162 0.0043497787749118243 0.03844062925281766 -0.051976708015040562 -0.026440427669057867 0.058505991276792152 0.018935539395834505 0.0053059206510200352
leaf_weight=5.3133501410484305 319.97909265756607 37.02968555688858 4.696248695254325 39.057926714420319 21.274036213755611 64.781109243631363 5.0776760429143897
leaf_count=18 963 88 18 137 46 169 16
internal_value=0.00760818 0.0038264 0.0281443 0.000986333 0.0232708 0.0137354 0.0484447
internal_weight=497.209 400.763 41.7259 359.037 96.4462 70.0945 26.3517
internal_count=1455 1206 106 1100 249 187 62
is_linear=0
shrinkage=0.05


Tree=38
num_leaves=6
num_cat=0
split_feature=26 59 10 7 44
split_gain=11.177 8.22643 13.9182 10.7992 5.75989
threshold=0.0021107111824676399 242466.32031250003 -0.00015449999773409215 1.7831651568412783 1882.1350097656252
decision_type=2 2 2 2 2
left_child=4 3 -3 -2 -1
right_child=1 2 -4 -5 -6
leaf_value=0.0018674439551874878 -0.0079003458639974912 0.0016759359128642745 0.067572566178228405 0.0090122616683333597 0.057728271045783403
leaf_weight=6.7359329909086254 136.58315162360668 19.154329210519791 13.978544339537619 304.13455119729042 16.078498929738998
leaf_count=18 451 59 29 849 49
internal_value=0.0072369 0.00557888 0.0296282 0.00375952 0.0414546
internal_weight=496.665 473.851 33.1329 440.718 22.8144
internal_count=1455 1388 88 1300 67
is_linear=0
shrinkage=0.05


Tree=39
num_leaves=6
num_cat=0
split_feature=25 37 18 29 31
split_gain=9.97254 10.039 17.1608 14.8211 1.99539
threshold=86786.648437500015 -1.757582902908325 75828.699218750015 3.8371437788009648 2.4099972248077397
decision_type=2 2 2 2 2
left_child=1 2 -1 -3 -2
right_child=4 3 -4 -5 -6
leaf_value=-0.015063088740443015 -0.080522494792363342 0.0093199182163940606 0.032132903125358096 0.054217894329905814 -0.017578106922379585
leaf_weight=91.830628916621208 3.6804329901933661 354.50902758538723 24.33533188700676 19.450438052415848 2.2668557316064835
leaf_count=316 16 1006 65 44 8
internal_value=0.00688622 0.00767613 -0.00513307 0.0116685 -0.0573715
internal_weight=496.073 490.125 116.166 373.959 5.94729
internal_count=1455 1431 381 1050 24
is_linear=0
shrinkage=0.05


Tree=40
num_leaves=6
num_cat=0
split_feature=26 47 31 25 35
split_gain=11.014 19.9425 20.3974 18.91 16.1558
threshold=0.0064285674598068008 1.2103787064552309 -11.249417781829832 86786.648437500015 -1.9057602882385252
decision_type=2 2 2 2 2
left_child=3 2 -2 4 -1
right_child=1 -3 -4 -5 -6
leaf_value=-0.052431342780674239 -0.083944192400991907 -0.078801457667105654 0.0044979661657596629 -0.0787801550999193 0.02043338752461199
leaf_weight=7.8760970234870902 6.6768159270286551 7.7820962071418753 270.89124509692192 5.1995491385459891 197.58490025997162
leaf_count=32 28 34 820 23 518
internal_value=0.00654117 0.000121742 0.0023525 0.0152129 0.0176159
internal_weight=496.011 285.35 277.568 210.661 205.461
internal_count=1455 882 848 573 550
is_linear=0
shrinkage=0.05


Tree=41
num_leaves=8
num_cat=0
split_feature=57 40 47 11 9 59 34
split_gain=8.80732 13.0615 18.7817 12.7484 12.8859 8.03479 5.00345
threshold=96.916515350341811 -3.1324563026428218 -0.95973661541938771 58.180000305175788 88195032.000000015 61055.166015625007 -0.59740382432937611
decision_type=2 2 2 2 2 2 2
left_child=1 6 -3 5 -5 -2 -1
right_child=3 2 -4 4 -6 -7 -8
leaf_value=0.091501705635474717 0.005340956118083909 -0.033607564469681647 0.0038831801798780009 0.015869326220629761 -0.018297170317325067 0.060766670199041931 0.015159867332322717
leaf_weight=5.2578050345182419 9.6899157613515872 38.611754462122917 247.33023062348366 134.61818781495094 34.592480510473251 21.512847885489464 3.9262208938598615
leaf_count=9 27 140 746 367 111 44 11
internal_value=0.00621701 0.000706139 -0.00116184 0.0143073 0.00885497 0.0437146 0.0594096
internal_weight=495.539 295.126 285.942 200.413 169.211 31.2028 9.18403
internal_count=1455 906 886 549 478 71 20
is_linear=0
shrinkage=0.05


Tree=42
num_leaves=8
num_cat=0
split_feature=7 17 20 47 3 20 47
split_gain=8.52578 11.8452 14.9703 11.1343 15.0016 11.6251 11.0039
threshold=1.7831651568412783 40711.099609375007 106740.21875000001 0.65128827095031749 -1328695.3749999998 5757.5698242187509 1.2103787064552309
decision_type=2 2 2 2 2 2 2
left_child=3 6 -3 4 -1 -5 -2
right_child=1 2 -4 5 -6 -7 -8
leaf_value=0.049360540551815574 0.005754666344681819 0.041544668741361118 0.0022018358434098893 0.012805005775583937 -0.0037229384682997899 -0.056378002135665663 -0.076936985712662123
leaf_weight=15.024181559681891 233.69995360076427 57.310879647731781 42.307318344712257 9.0382981896400469 115.97803995013237 17.87558276951313 4.0870330929756156
leaf_count=40 676 128 121 27 372 73 18
internal_value=0.00590991 0.0104015 0.0248862 -0.00365531 0.00232685 -0.032959 0.00431235
internal_weight=495.321 337.405 99.6182 157.916 131.002 26.9139 237.787
internal_count=1455 943 249 512 412 100 694
is_linear=0
shrinkage=0.05


Tree=43
num_leaves=6
num_cat=0
split_feature=26 26 26 44 57
split_gain=10.5822 7.67628 14.1614 5.55069 5.30875
threshold=0.0021107111824676399 0.058571415022015579 0.043571455404162414 1882.1350097656252 81.818138122558608
decision_type=2 2 2 2 2
left_child=3 2 -2 -1 -3
right_child=1 4 -4 -5 -6
leaf_value=0.0010965711784996044 0.0030793517545662629 0 0.0476495958764942 0.056917799413557006 -0.084300881057073687
leaf_weight=6.6202421933412579 447.25846509635448 3.4254390299320212 18.588192939758301 14.874263077974318 4.1063620746135712
leaf_count=18 1315 11 45 49 17
internal_value=0.00561899 0.00404922 0.00486852 0.0399576 -0.0459614
internal_weight=494.873 473.378 465.847 21.4945 7.5318
internal_count=1455 1388 1360 67 28
is_linear=0
shrinkage=0.05


Tree=44
num_leaves=6
num_cat=0
split_feature=26 1 9 28 44
split_gain=9.94627 7.40306 12.9417 12.2571 5.40453
threshold=0.0021107111824676399 787406.00000000012 46935842.000000007 321.00000000000006 1882.1350097656252
decision_type=2 2 2 2 2
left_child=4 3 -3 -2 -1
right_child=1 2 -4 -5 -6
leaf_value=0.0010420278148262248 0.006229695588972157 -0.023480647917379621 0.0041083081124451909 0.046119341085338973 0.056503681329855684
leaf_weight=6.6184798181057003 88.528295189142227 49.229409486055374 311.0607857555151 24.765538886189461 14.249906614422796
leaf_count=18 241 173 922 52 49
internal_value=0.00534478 0.00384445 0.000324725 0.0149935 0.0391534
internal_weight=494.452 473.584 360.29 113.294 20.8684
internal_count=1455 1388 1095 293 67
is_linear=0
shrinkage=0.05


Tree=45
num_leaves=8
num_cat=0
split_feature=37 52 52 48 27 45 12
split_gain=7.9319 14.0758 33.5541 22.5095 13.9121 13.8819 13.1741
threshold=-1.8310469985008238 3.2427390813827519 1.7748907804489138 -0.82700207829475392 -2944767.9999999995 -0.70639348030090321 41466966.000000007
decision_type=2 2 2 2 2 2 2
left_child=4 2 -2 -3 5 -1 -6
right_child=1 3 -4 -5 6 -7 -8
leaf_value=-0.056127284841403502 0.011238051577074705 0.092011427350146155 -0.033840405384365238 0.014602292285654135 -0.029679954394790539 0.024174162731393938 0.047252337810692387
leaf_weight=6.1583510488271704 280.68885818123817 12.196639433503149 48.367611810564995 41.861124306917191 56.877299502491951 41.387766927480698 6.1222486943006507
leaf_count=25 783 21 169 117 206 119 15
internal_value=0.00508883 0.00849907 0.00459683 0.03216 -0.00668468 0.0136681 -0.0221244
internal_weight=493.66 383.114 329.056 54.0578 110.546 47.5461 62.9995
internal_count=1455 1090 952 138 365 144 221
is_linear=0
shrinkage=0.05


Tree=46
num_leaves=6
num_cat=0
split_feature=26 56 33 3 44
split_gain=9.31524 7.62151 16.5084 9.99432 5.29539
threshold=0.0021107111824676399 11.111100196838381 0.10030911862850191 -41273.499999999993 1882.1350097656252
decision_type=2 2 2 2 2
left_child=4 2 -2 -3 -1
right_child=1 3 -4 -5 -6
leaf_value=0.00064727070913650291 -0.044130126101561522 0.012817120018672549 0.045989435729939035 -0.0021575971241346117 0.05605421901689428
leaf_weight=6.5959667861461666 20.84517124295235 213.13283289968967 6.6721586585044852 232.51127600669861 13.548277527093886
leaf_count=18 81 604 15 688 49
internal_value=0.00483623 0.00340694 -0.022097 0.00499296 0.0381602
internal_weight=493.306 473.161 27.5173 445.644 20.1442
internal_count=1455 1388 96 1292 67
is_linear=0
shrinkage=0.05


Tree=47
num_leaves=6
num_cat=0
split_feature=26 22 43 44 44
split_gain=8.7436 7.39089 19.4567 13.6005 5.15527
threshold=0.0021107111824676399 3698.6850585937505 60890.574218750007 537468.96875000012 1882.1350097656252
decision_type=2 2 2 2 2
left_child=4 2 -2 -3 -1
right_child=1 3 -4 -5 -6
leaf_value=0.0006150086247750892 0.027720062545811976 -0.0057377616143106259 -0.0049744986038281792 0.027158224462310206 0.055689220938931354
leaf_weight=6.5949162542820003 89.762152716517448 255.78809109330177 91.864193618297577 35.799946278333664 12.969848975539206
leaf_count=18 229 788 282 89 49
internal_value=0.00460081 0.00323499 0.0111561 -0.00168178 0.0373803
internal_weight=492.779 473.214 181.626 291.588 19.5648
internal_count=1455 1388 511 877 67
is_linear=0
shrinkage=0.05


Tree=48
num_leaves=7
num_cat=0
split_feature=26 1 22 33 11 10
split_gain=8.20255 7.15421 14.535 13.8227 5.60047 2.74906
threshold=0.0021107111824676399 3211292.8750000005 18255.934570312504 1.4396767616271975 70.465000152587905 -1.0000000180025095e-35
decision_type=2 2 2 2 2 2
left_child=4 3 -3 -2 5 -1
right_child=1 2 -4 -5 -6 -7
leaf_value=0.058490251392233884 0.0080490871623786955 -0.029541506106937621 0.0087143952657808572 -0.045718324658150927 -0.03330519554740221 0.0089588624021476101
leaf_weight=12.671822071075443 361.03508146107197 45.799357548356056 53.939563050866127 12.3396168500185 2.4163881689310065 3.9179523140192041
leaf_count=44 1027 159 158 44 10 13
internal_value=0.00437846 0.0030731 -0.00880229 0.00625874 0.0366092 0.047094
internal_weight=492.12 473.114 99.7389 373.375 19.0062 16.5898
internal_count=1455 1388 317 1071 67 57
is_linear=0
shrinkage=0.05


Tree=49
num_leaves=8
num_cat=0
split_feature=7 21 42 2 2 13 58
split_gain=7.52143 10.9726 12.1695 10.1836 18.3343 13.9981 9.15963
threshold=1.7831651568412783 5676.7497558593759 0.00054449998424388479 1780894.9375000002 857256.34375000012 57555768.000000007 134923.20312500003
decision_type=2 2 2 2 2 2 2
left_child=3 2 -2 4 -1 -5 -3
right_child=1 6 -4 5 -6 -7 -8
leaf_value=0.0046162227425668089 0.0081194185443993535 0.0074752508519844319 -0.026276363220387369 0.00056184667065940785 -0.044865167071575451 0.071227849596882942 0.051279167688859095
leaf_weight=40.369016781449318 256.95807212591171 23.173814758658409 28.526930451393127 74.914048135280609 34.651673391461372 7.7487360984086981 25.288513645529747
leaf_count=119 728 65 95 243 134 16 55
internal_value=0.00416468 0.0084198 0.00466493 -0.00481525 -0.0181723 0.0072465 0.0304361
internal_weight=491.631 333.947 285.485 157.683 75.0207 82.6628 48.4623
internal_count=1455 943 823 512 253 259 120
is_linear=0
shrinkage=0.05


Tree=50
num_leaves=8
num_cat=0
split_feature=26 47 21 58 55 39 34
split_gain=7.62702 9.7739 13.8934 11.1957 8.63062 8.46964 4.64892
threshold=0.0035714273108169441 1.2103787064552309 5676.7497558593759 223346.08593750003 5.1746609210968026 -0.99132105708122242 1.3778874278068545
decision_type=2 2 2 2 2 2 2
left_child=4 2 -2 -3 5 -1 -6
right_child=1 3 -4 -5 6 -7 -8
leaf_value=0.032458617074457415 -0.00052583396480236438 -0.071272083155227137 0.032356811902547716 0.026740790723765947 0.053847794294359701 -0.0049565120150091681 -0.0021741796320199416
leaf_weight=22.962735936045647 351.99269808828831 9.3531305789947492 35.321278929710388 4.1423617452383033 19.128149881958965 43.838124260306358 4.3819579184055319
leaf_count=59 1067 39 89 11 46 128 16
internal_value=0.00396132 0.000990364 0.00246 -0.0408171 0.0170913 0.00783006 0.0431934
internal_weight=491.12 400.809 387.314 13.4955 90.311 66.8009 23.5101
internal_count=1455 1206 1156 50 249 187 62
is_linear=0
shrinkage=0.05


Tree=51
num_leaves=6
num_cat=0
split_feature=25 26 47 22 49
split_gain=7.77176 10.1615 16.4891 14.9377 1.92609
threshold=86786.648437500015 0.0064285674598068008 1.2103787064552309 -1693.5550537109373 1.3749197125434878
decision_type=2 2 2 2 2
left_child=1 3 -3 -1 -2
right_child=4 2 -4 -5 -6
leaf_value=0.036837789003009984 -0.077138600838762894 0.00036685991320183704 -0.075050311406120507 0.0051911161592101424 -0.014472859938840361
leaf_weight=49.84976552426815 3.5439293533563605 277.37731067836285 7.4391412734985343 150.05090990662575 2.2131768018007278
leaf_count=119 16 847 34 431 8
internal_value=0.00376846 0.00446391 -0.00158541 0.0131079 -0.0539168
internal_weight=490.474 484.717 284.816 199.901 5.75711
internal_count=1455 1431 881 550 24
is_linear=0
shrinkage=0.05


Tree=52
num_leaves=5
num_cat=0
split_feature=26 59 24 11
split_gain=7.30694 7.01037 13.5311 8.59246
threshold=0.00071428823866881441 242466.32031250003 339.00000000000006 31.904999732971195
decision_type=2 2 2 2
left_child=-1 3 -3 -2
right_child=1 2 -4 -5
leaf_value=0.057843781143620446 -0.012452140528097504 0.037507210687205937 -0.057219171318080679 0.0047276698049074665
leaf_weight=6.1364152133464804 91.194916412234306 28.867380350828171 4.2991491109132758 359.42599003016949
leaf_count=22 306 72 16 1039
internal_value=0.00358294 0.00288436 0.0250777 0.00123979
internal_weight=489.924 483.787 33.1665 450.621
internal_count=1455 1433 88 1345
is_linear=0
shrinkage=0.05


Tree=53
num_leaves=8
num_cat=0
split_feature=1 47 42 28 42 59 56
split_gain=7.05281 13.6222 17.4136 13.1149 12.3342 10.9682 9.65127
threshold=3211292.8750000005 0.50887608528137218 0.00092950000544078659 831.31250000000011 0.0004274999955669046 114812.55078125001 74.999813079833999
decision_type=2 2 2 2 2 2 2
left_child=4 3 -3 -2 5 -1 -6
right_child=1 2 -4 -5 6 -7 -8
leaf_value=0.0031567431372051982 0.011444944839294903 -0.057984612281408277 0.062478195687698281 -0.043790181198996525 -0.041490086247567302 0.022001725039266729 0.013867227024843908
leaf_weight=240.1113562732935 63.279579013586044 21.064053893089298 3.4599872231483451 12.935491710901259 22.418825522065163 114.37508165836334 11.964876785874365
leaf_count=710 185 83 7 47 82 309 32
internal_value=0.00340628 -0.00836253 -0.0407852 0.00200464 0.00646792 0.00925118 -0.0220814
internal_weight=489.609 100.739 24.524 76.2151 388.87 354.486 34.3837
internal_count=1455 322 90 232 1133 1019 114
is_linear=0
shrinkage=0.05


Tree=54
num_leaves=5
num_cat=0
split_feature=26 26 26 43
split_gain=6.90382 6.43747 12.4823 4.99917
threshold=0.00071428823866881441 0.058571415022015579 0.043571455404162414 78439.382812500015
decision_type=2 2 2 2
left_child=-1 2 -2 -3
right_child=1 3 -4 -5
leaf_value=0.05727786997450425 0.0016518910206993914 0.0016838150140020315 0.04329066943702449 -0.079616066178780018
leaf_weight=5.847961649298667 457.35786288976669 3.2286397367715827 18.756557419896126 4.1947168260812759
leaf_count=22 1360 10 45 18
internal_value=0.00323654 0.00257262 0.00330275 -0.0435828
internal_weight=489.386 483.538 476.114 7.42336
internal_count=1455 1433 1405 28
is_linear=0
shrinkage=0.05


Tree=55
num_leaves=6
num_cat=0
split_feature=25 6 23 38 0
split_gain=6.80842 8.60016 6.89561 3.07616 1.96474
threshold=86786.648437500015 -6053392383.999999 341.50000000000006 0.86866077780723583 111818.00000000001
decision_type=2 2 2 2 2
left_child=1 3 -3 -1 -2
right_child=4 2 -4 -5 -6
leaf_value=0.023002384004948417 -0.015563578348280625 0.00078564484053390826 0.021795901291029859 0.078568303600550907 -0.078033069880965047
leaf_weight=5.987041622400282 2.4780189692974082 429.80040383338928 43.029713466763496 4.7400711923837662 3.1628695875406265
leaf_count=17 10 1292 114 8 14
internal_value=0.00307708 0.00372381 0.00270825 0.0480218 -0.0514769
internal_weight=489.198 483.557 472.83 10.7271 5.64089
internal_count=1455 1431 1406 25 24
is_linear=0
shrinkage=0.05


Tree=56
num_leaves=7
num_cat=0
split_feature=26 56 27 34 11 42
split_gain=6.6702 6.86757 11.5978 8.72065 5.4068 2.63179
threshold=0.0021107111824676399 11.111100196838381 -446591.99999999994 -1.1880462169647215 70.465000152587905 -1.0000000180025095e-35
decision_type=2 2 2 2 2 2
left_child=4 2 -2 -3 5 -1
right_child=1 3 -4 -5 -6 -7
leaf_value=0.057063566227971908 -0.048341077988181512 0.019335252068824624 0.018436863424918869 0.00022903981439471697 -0.035577298844209237 0.0069394507945413162
leaf_weight=11.135266870260239 16.810195297002796 71.226735204458237 10.469010978937147 373.25950028002262 2.3638061583042136 3.7342731058597574
leaf_count=44 68 195 28 1097 10 13
internal_value=0.00292497 0.00179765 -0.0225302 0.00330197 0.0334952 0.0448119
internal_weight=488.999 471.765 27.2792 444.486 17.2333 14.8695
internal_count=1455 1388 96 1292 67 57
is_linear=0
shrinkage=0.05


Tree=57
num_leaves=7
num_cat=0
split_feature=7 28 23 43 59 39
split_gain=6.67589 10.6684 11.6258 9.70248 14.8989 14.0915
threshold=1.7831651568412783 1403.5625000000002 6.5000000000000009 78439.382812500015 111526.03125000001 2.0180144309997563
decision_type=2 2 2 2 2 2
left_child=1 2 -1 5 -5 -2
right_child=3 -3 -4 4 -6 -7
leaf_value=0.020571298013238745 0.01762677193207739 -0.075791477530434581 -0.011268604012394063 -0.017620821707629346 0.013732442860031988 -0.052472974469926964
leaf_weight=38.264029368758202 172.04972365498543 5.2508980631828299 113.8312803953886 78.496336758136749 73.152125716209412 7.4482537806034079
leaf_count=105 459 24 383 255 202 27
internal_value=0.00278343 -0.00567889 -0.00322547 0.00681945 -0.00246368 0.0146901
internal_weight=488.493 157.346 152.095 331.146 151.648 179.498
internal_count=1455 512 488 943 457 486
is_linear=0
shrinkage=0.05


Tree=58
num_leaves=6
num_cat=0
split_feature=7 7 28 27 23
split_gain=6.28685 7.08644 9.92185 9.20074 3.44881
threshold=3.5894435644149785 1.7831651568412783 1403.5625000000002 483904.00000000006 63.500000000000007
decision_type=2 2 2 2 2
left_child=1 2 -1 -3 -2
right_child=4 3 -4 -5 -6
leaf_value=-0.0030661509718085209 -0.083644796294022439 0.013073386213279196 -0.073925045142651732 -0.0052085070687149498 -0.0063459088382707661
leaf_weight=151.95504832267761 3.2029471844434729 226.335738748312 5.1176738440990439 98.425698041915894 2.9007440209388733
leaf_count=488 14 622 24 298 9
internal_value=0.00264535 0.00329383 -0.00540668 0.00751728 -0.0477281
internal_weight=487.938 481.834 157.073 324.761 6.10369
internal_count=1455 1432 512 920 23
is_linear=0
shrinkage=0.05


Tree=59
num_leaves=8
num_cat=0
split_feature=34 38 40 35 18 21 9
split_gain=6.27882 14.9047 11.2807 11.0508 13.9368 10.3168 7.62576
threshold=0.66046538949012767 1.8468896150588991 -3.1324563026428218 -1.444601237773895 650.54998779296886 2098.499877929688 88195032.000000015
decision_type=2 2 2 2 2 2 2
left_child=1 2 -1 5 -5 -2 -3
right_child=3 6 -4 4 -6 -7 -8
leaf_value=0.055511437144607025 -0.074006666888838377 -0.089039725532825048 -0.0013409991049359268 -0.062694160614857067 0.016405193493168584 0.022330385590233068 0.00085134032437310402
leaf_weight=8.9903150349855405 7.1841423660516721 7.2133068740367872 294.78326958417892 5.7515974640846244 155.96636217832565 4.4270736128091812 3.3437367528676987
leaf_count=19 32 30 898 22 432 12 10
internal_value=0.00251115 -0.00168823 0.000325115 0.0101555 0.0135611 -0.0368451 -0.0600949
internal_weight=487.66 314.331 303.774 173.329 161.718 11.6112 10.557
internal_count=1455 957 917 498 454 44 40
is_linear=0
shrinkage=0.05


Tree=60
num_leaves=6
num_cat=0
split_feature=25 26 8 14 31
split_gain=6.2352 8.36526 7.64301 3.13818 1.93939
threshold=86786.648437500015 0.0021107111824676399 2.2681499719619755 0.71549999713897716 2.4099972248077397
decision_type=2 2 2 2 2
left_child=1 3 -3 -1 -2
right_child=4 2 -4 -5 -6
leaf_value=0.053672242246464379 -0.073982146018586312 -0.00018685825414175929 0.022475399392570386 0.0038173508640978629 -0.010411178645200844
leaf_weight=10.953311637043951 3.4037512540817252 425.39902287721634 40.728653192520142 4.7483484148979178 2.1636229008436203
leaf_count=44 16 1259 109 19 8
internal_value=0.00238528 0.00300297 0.00178257 0.038914 -0.0501749
internal_weight=487.397 481.829 466.128 15.7017 5.56737
internal_count=1455 1431 1368 63 24
is_linear=0
shrinkage=0.05


Tree=61
num_leaves=6
num_cat=0
split_feature=59 26 51 34 41
split_gain=6.04255 7.94441 8.48636 5.48486 1.96689
threshold=356881.07812500006 0.058571415022015579 3.6145695447921757 -0.59740382432937611 1.4891114234924319
decision_type=2 2 2 2 2
left_child=1 2 -1 -2 -3
right_child=3 4 -4 -5 -6
leaf_value=6.4880425083668991e-05 0.072679905558620125 -0.078674765251337625 0.023196196830224822 -0.0058317314314064971 -0.016164584371232159
leaf_weight=428.09208326041698 5.7079323083162308 3.7026914656162253 43.749467372894287 3.4624840617179853 2.2519923895597458
leaf_count=1293 11 16 116 11 8
internal_value=0.00226821 0.00148575 0.00222023 0.042491 -0.0558738
internal_weight=486.967 477.796 471.842 9.17042 5.95468
internal_count=1455 1433 1409 22 24
is_linear=0
shrinkage=0.05


Tree=62
num_leaves=8
num_cat=0
split_feature=57 13 35 58 11 11 59
split_gain=6.11311 11.2263 14.713 14.3339 10.6749 13.0457 7.11222
threshold=96.916515350341811 53778790.000000007 1.1121842861175539 263407.78125000006 58.180000305175788 60.965000152587898 61055.166015625007
decision_type=2 2 2 2 2 2 2
left_child=1 2 -1 -3 6 -6 -2
right_child=4 3 -4 -5 5 -7 -8
leaf_value=-0.0023085820047750098 0 0.0069516919465216417 -0.0377813361577699 0.078708107111475328 -0.038166512619204888 0.0087108105260640788 0.052874224081601931
leaf_weight=189.83240535855293 9.3060198426246661 59.798231363296509 34.638508260250092 7.9145191460847846 16.468384027481079 148.40217825770378 20.632263228297234
leaf_count=598 27 172 122 14 54 424 44
internal_value=0.00215368 -0.00240704 -0.00780472 0.0154127 0.00901972 0.00399806 0.0365071
internal_weight=486.993 292.184 224.471 67.7128 194.809 164.871 29.9383
internal_count=1455 906 720 186 549 478 71
is_linear=0
shrinkage=0.05


Tree=63
num_leaves=8
num_cat=0
split_feature=37 9 18 52 52 12 9
split_gain=6.01429 12.7354 13.4447 12.4193 27.7965 14.15 11.6304
threshold=-1.8310469985008238 83710076.000000015 54929.699218750007 3.2427390813827519 2.045515894889832 29026126.000000004 95314628.000000015
decision_type=2 2 2 2 2 2 2
left_child=1 2 -1 4 -2 -5 -3
right_child=3 6 -4 5 -6 -7 -8
leaf_value=-0.03622683620568317 0.0063981660666728299 0.033355981564581055 0.012541307236609442 0.038778321805168145 -0.04114893476872139 -0.028947736765567073 -0.020942464347571542
leaf_weight=47.530554875731468 288.36439713835716 26.644510418176651 19.927769273519516 45.065407320857048 34.398626193404198 9.2184323072433454 15.543733254075049
leaf_count=181 828 68 62 107 124 31 54
internal_value=0.00204752 -0.00824222 -0.0217462 0.00505307 0.00131532 0.027185 0.0132319
internal_weight=486.693 109.647 67.4583 377.047 322.763 54.2838 42.1882
internal_count=1455 365 243 1090 952 138 122
is_linear=0
shrinkage=0.05


Tree=64
num_leaves=6
num_cat=0
split_feature=60 58 57 40 43
split_gain=5.95278 6.89988 6.67597 11.4469 9.83723
threshold=-2635096.4999999995 153155.35156250003 96.916515350341811 -3.1324563026428218 292034.84375000006
decision_type=2 2 2 2 2
left_child=1 -1 3 -2 -4
right_child=2 -3 4 -5 -6
leaf_value=-0.086108346515728379 0.053501099114308441 0.017592318904967891 0.013343519497955883 -0.0039548984752791937 -0.027667354877344449
leaf_weight=4.0369760990142813 8.9382077753543836 2.5468367040157318 174.18221138417721 280.50575645267963 15.892145693302153
leaf_count=17 19 7 478 880 54
internal_value=0.00194513 -0.0452341 0.00260333 -0.00216335 0.00988829
internal_weight=486.102 6.58381 479.518 289.444 190.074
internal_count=1455 24 1431 899 532
is_linear=0
shrinkage=0.05


Tree=65
num_leaves=8
num_cat=0
split_feature=22 43 20 11 44 14 34
split_gain=6.04877 15.6645 16.5935 12.7353 10.8729 10.4899 9.1867
threshold=3698.6850585937505 60890.574218750007 106740.21875000001 28.045000076293949 537468.96875000012 1.8650000095367434 0.66046538949012767
decision_type=2 2 2 2 2 2 2
left_child=1 2 -1 -3 6 -6 -2
right_child=4 3 -4 -5 5 -7 -8
leaf_value=0.027548226197950849 -0.013552810769372176 -0.05697118978136595 -0.088304658419345206 0.0010901940645198546 0.036562450137761819 -0.030860438939563469 0.0055260100550560366
leaf_weight=89.436241090297699 160.64258047938347 10.649157389998434 3.1825823187828055 82.217215374112129 29.054895386099815 7.1188336610794059 103.45475487411022
leaf_count=230 521 43 14 248 68 24 307
internal_value=0.0018484 0.00895333 0.0235133 -0.00551397 -0.00252385 0.0231557 -0.00606014
internal_weight=485.756 185.485 92.6188 92.8664 300.271 36.1737 264.097
internal_count=1455 535 244 291 920 92 828
is_linear=0
shrinkage=0.05


Tree=66
num_leaves=5
num_cat=0
split_feature=26 35 5 35
split_gain=5.86757 5.8965 16.8809 13.3659
threshold=0.00071428823866881441 0.81554871797561657 33951.230468750007 -1.057025074958801
decision_type=2 2 2 2
left_child=-1 3 -3 -2
right_child=1 2 -4 -5
leaf_value=0.055543635893305292 -0.0041091021815715173 -0.015024321677791597 0.022947161981038435 0.016625277990139017
leaf_weight=5.0220447480678549 171.8951929807663 129.0605338960886 37.78069195151329 141.46838112175465
leaf_count=22 551 408 98 376
internal_value=0.00175685 0.00118393 -0.00639583 0.0052355
internal_weight=485.227 480.205 166.841 313.364
internal_count=1455 1433 506 927
is_linear=0
shrinkage=0.05


Tree=67
num_leaves=7
num_cat=0
split_feature=59 24 42 59 22 42
split_gain=5.60465 11.8994 10.8169 7.98392 7.52741 2.00936
threshold=242466.32031250003 339.00000000000006 -0.00015449999773409215 225950.78125000003 3698.6850585937505 -1.0000000180025095e-35
decision_type=2 2 2 2 2 2
left_child=3 2 -2 4 -1 -5
right_child=1 -3 -4 5 -6 -7
leaf_value=0.0090487458785930754 0.0055968083844383336 -0.055956641274498779 0.067699703229207528 -0.085102492461221743 -0.0042477770510319333 -0.020679635327625775
leaf_weight=175.11407001316547 16.063709601759911 4.2648775577545157 12.715797662734987 3.2590306103229523 271.06729021668434 2.3108070343732825
leaf_count=505 48 16 24 14 840 8
internal_value=0.00167102 0.0215502 0.0332098 0.000205846 0.000959541 -0.0592725
internal_weight=484.796 33.0444 28.7795 451.751 446.181 5.56984
internal_count=1455 88 72 1367 1345 22
is_linear=0
shrinkage=0.05


Tree=68
num_leaves=7
num_cat=0
split_feature=47 51 58 21 3 40
split_gain=5.58022 13.2637 10.935 9.77489 15.2339 10.7012
threshold=1.2103787064552309 0.97670435905456554 195414.83593750003 5676.7497558593759 -1328695.3749999998 0.76587393879890453
decision_type=2 2 2 2 2 2
left_child=3 2 -2 5 -5 -1
right_child=1 -3 -4 4 -6 -7
leaf_value=-0.0052888524417711849 -0.037326889902038161 -0.077455568395767338 0.056818143877679674 -0.080501856957684609 0.032648448806314088 0.011707690662894328
leaf_weight=281.17241021990776 6.484908342361452 7.391503930091857 5.8527004718780518 3.176266521215438 42.493161216378212 138.06755644083023
leaf_count=880 23 34 12 14 107 385
internal_value=0.0015867 -0.0244327 0.00692826 0.00270163 0.0246695 0.000296663
internal_weight=484.639 19.7291 12.3376 464.909 45.6694 419.24
internal_count=1455 69 35 1386 121 1265
is_linear=0
shrinkage=0.05


Tree=69
num_leaves=5
num_cat=0
split_feature=26 59 24 60
split_gain=5.57547 5.49294 10.8 7.10471
threshold=0.00071428823866881441 242466.32031250003 339.00000000000006 -2635096.4999999995
decision_type=2 2 2 2
left_child=-1 3 -3 -2
right_child=1 2 -4 -5
leaf_value=0.055156647351657831 -0.05884709271443346 0.031758635195110727 -0.053493480217163637 0.00018712355669519925
leaf_weight=4.7980842739343634 5.1546974629163733 28.720156744122505 4.2292926758527747 441.24187098443508
leaf_count=22 20 72 16 1325
internal_value=0.00150729 0.000959852 0.0206642 -0.000483364
internal_weight=484.144 479.346 32.9494 446.397
internal_count=1455 1433 88 1345
is_linear=0
shrinkage=0.05


Tree=70
num_leaves=6
num_cat=0
split_feature=7 26 56 11 23
split_gain=5.51109 5.98312 6.38494 5.62568 3.00057
threshold=3.5894435644149785 0.0021107111824676399 18.393229484558109 70.465000152587905 63.500000000000007
decision_type=2 2 2 2 2
left_child=1 3 -3 -1 -2
right_child=4 2 -4 -5 -6
leaf_value=0.045747114702981199 -0.080550181275711077 -0.01669861017049646 0.0029679963502442395 -0.038643386874493202 -0.0072968356001556645
leaf_weight=12.97362446784973 3.103424370288848 45.771898061037064 416.93315848708153 2.2651213258504859 2.8423415422439575
leaf_count=56 14 161 1205 10 9
internal_value=0.00143293 0.00203811 0.00101172 0.032875 -0.0463727
internal_weight=483.89 477.944 462.705 15.2387 5.94577
internal_count=1455 1432 1366 66 23
is_linear=0
shrinkage=0.05


Tree=71
num_leaves=6
num_cat=0
split_feature=25 6 26 38 49
split_gain=5.3659 7.46752 6.34866 2.80728 1.98593
threshold=86786.648437500015 -6053392383.999999 0.0021107111824676399 0.86866077780723583 1.3749197125434878
decision_type=2 2 2 2 2
left_child=1 3 -3 -1 -2
right_child=4 2 -4 -5 -6
leaf_value=0.019902011853993585 -0.072326903236374432 0.035477345419185125 0 0.073714908080605407 -0.0074384542358969493
leaf_weight=5.9434069097042066 3.3208502084016791 12.971772365272043 454.50573790073395 4.5390391796827316 2.1149235516786575
leaf_count=17 16 60 1346 8 8
internal_value=0.0013617 0.00193355 0.00098674 0.0436807 -0.0480003
internal_weight=483.396 477.96 467.478 10.4824 5.43577
internal_count=1455 1431 1406 25 24
is_linear=0
shrinkage=0.05


Tree=72
num_leaves=7
num_cat=0
split_feature=12 56 2 2 37 7
split_gain=5.10117 13.9332 10.376 6.55793 13.1604 9.9652
threshold=15854991.500000002 99.999988555908217 515288.40625000006 2736743.5000000005 -2.1964830160140987 1.9399138092994692
decision_type=2 2 2 2 2 2
left_child=1 2 -1 4 -2 -5
right_child=3 -3 -4 5 -6 -7
leaf_value=0.0068360496735302041 -0.030092461224190348 0.045180596432397302 -0.041174147705420133 0.0051401624374294123 0.01011693288360122 -0.023608680254215142
leaf_weight=17.638166815042496 21.89600270986557 8.7158093750476819 30.3268663585186 74.41116438806057 279.46985323727131 50.447411805391312
leaf_count=49 82 18 119 230 786 171
internal_value=0.00129557 -0.012779 -0.0234151 0.00317899 0.00717889 -0.00643537
internal_weight=482.905 56.6808 47.965 426.224 301.366 124.859
internal_count=1455 186 168 1269 868 401
is_linear=0
shrinkage=0.05


Tree=73
num_leaves=8
num_cat=0
split_feature=47 21 58 21 7 40 27
split_gain=5.11494 12.3708 10.1757 8.89011 13.9061 9.61411 0.098786
threshold=1.2103787064552309 28991.400390625004 195414.83593750003 5676.7497558593759 1.7337871789932253 0.76587393879890453 -446591.99999999994
decision_type=2 2 2 2 2 2 2
left_child=3 6 -3 5 -5 -1 -2
right_child=1 2 -4 4 -6 -7 -8
leaf_value=-0.0053067895312819066 -0.054364621812390483 -0.033966331190424436 0.058613378822820798 -0.024929560822700748 0.039225796483261195 0.010829516636169566 -0.080772371504504725
leaf_weight=279.92479947209358 1.9118357151746757 6.5909949392080289 5.3711435049772263 11.124150320887564 34.130733720958233 137.72386278957129 5.5158030986785906
leaf_count=880 10 24 10 42 79 385 25
internal_value=0.00123152 -0.023905 0.00718508 0.00229522 0.0233452 2.34855e-06 -0.0746483
internal_weight=482.293 19.3898 11.9621 462.904 45.2549 417.649 7.42764
internal_count=1455 69 34 1386 121 1265 35
is_linear=0
shrinkage=0.05


Tree=74
num_leaves=6
num_cat=0
split_feature=60 58 34 4 38
split_gain=4.98025 6.09073 5.414 12.1911 11.348
threshold=-2635096.4999999995 153155.35156250003 0.69472742080688488 63630.773437500007 1.8468896150588991
decision_type=2 2 2 2 2
left_child=1 -1 4 -4 -2
right_child=2 -3 3 -5 -6
leaf_value=-0.081580083739870024 -0.0001261336733344362 0.016387603025006494 0.01382256366569338 -0.032947852289323475 -0.050186963394388363
leaf_weight=3.9308911412954322 303.90703389793634 2.5372253656387329 144.17948760837317 15.37117940187454 11.767087340354918
leaf_count=17 926 7 405 56 44
internal_value=0.00116982 -0.0423776 0.00177305 0.00928534 -0.00200804
internal_weight=481.693 6.46812 475.225 159.551 315.674
internal_count=1455 24 1431 461 970
is_linear=0
shrinkage=0.05


Tree=75
num_leaves=6
num_cat=0
split_feature=59 26 51 1 41
split_gain=4.93989 6.93378 7.40263 5.04708 1.90098
threshold=356881.07812500006 0.058571415022015579 3.6145695447921757 3999324.0000000005 1.4891114234924319
decision_type=2 2 2 2 2
left_child=1 2 -1 -2 -3
right_child=3 4 -4 -5 -6
leaf_value=-0.00092926420781416384 0.066772203367347807 -0.076563020656358977 0.020695064546589703 -0.0087258452427449555 -0.014506069910210959
leaf_weight=422.86976239830256 5.6572453677654249 3.6076436191797248 43.634987533092499 3.4608572274446487 2.2157446146011353
leaf_count=1293 11 16 116 11 8
internal_value=0.00110971 0.000395313 0.00108267 0.0375679 -0.0538095
internal_weight=481.446 472.328 466.505 9.1181 5.82339
internal_count=1455 1433 1409 22 24
is_linear=0
shrinkage=0.05


Tree=76
num_leaves=8
num_cat=0
split_feature=44 11 24 1 3 47 47
split_gain=4.95308 12.5981 9.64734 9.15777 13.6264 12.3805 2.52646
threshold=589517.71875000012 73.455001831054702 50.500000000000007 3211292.8750000005 -1328695.3749999998 0.50887608528137218 0.35030601918697363
decision_type=2 2 2 2 2 2 2
left_child=3 2 -2 4 -1 -5 -3
right_child=1 6 -4 5 -6 -7 -8
leaf_value=0.065760366164447706 -0.02897605876103759 -0.088584895080421208 0.036977353325210467 -0.0047991962306471111 0.001245816072705429 -0.05174110890039757 -0.014295410637687881
leaf_weight=8.3873407989740354 6.5444784909486762 2.8625739812850943 33.855805307626724 58.231894582509995 350.65782841295004 18.639177918434143 2.2101664692163467
leaf_count=20 22 12 78 188 1052 75 8
internal_value=0.00105241 0.0167591 0.0261697 -0.000574579 0.00276681 -0.0162464 -0.057203
internal_weight=481.389 45.473 40.4003 435.916 359.045 76.8711 5.07274
internal_count=1455 120 100 1335 1072 263 20
is_linear=0
shrinkage=0.05


Tree=77
num_leaves=5
num_cat=0
split_feature=26 35 5 37
split_gain=4.88482 5.30996 15.3244 13.6652
threshold=0.00071428823866881441 0.81554871797561657 33951.230468750007 -1.1905092597007749
decision_type=2 2 2 2
left_child=-1 3 -3 -2
right_child=1 2 -4 -5
leaf_value=0.054213378123629113 -0.0046766601855503451 -0.01495090897289225 0.021334906670066756 0.016491508984759696
leaf_weight=4.2758032456040374 177.79434810578823 128.26921184360981 37.548875078558922 133.18060457706451
leaf_count=22 575 408 98 352
internal_value=0.000997844 0.000510129 -0.00670397 0.00437291
internal_weight=481.069 476.793 165.818 310.975
internal_count=1455 1433 506 927
is_linear=0
shrinkage=0.05


Tree=78
num_leaves=6
num_cat=0
split_feature=7 22 54 1 23
split_gain=4.84183 5.25432 10.5723 9.9386 2.74912
threshold=3.5894435644149785 2939.4799804687505 -3.0744665861129756 3211292.8750000005 63.500000000000007
decision_type=2 2 2 2 2
left_child=1 3 -3 -1 -2
right_child=4 2 -4 -5 -6
leaf_value=0.013709106883804934 -0.077992789775754454 0.03264324398503448 -0.004942154608930785 -0.019216486619156932 -0.006892367691476959
leaf_weight=145.03274685144424 2.990241438150405 20.016305133700371 282.65318281203508 27.11010317504406 2.8023435324430466
leaf_count=404 14 58 875 95 9
internal_value=0.000949341 0.00151384 -0.00244002 0.00849474 -0.0444589
internal_weight=480.605 474.812 302.669 172.143 5.79258
internal_count=1455 1432 933 499 23
is_linear=0
shrinkage=0.05


Tree=79
num_leaves=8
num_cat=0
split_feature=47 21 39 21 7 44 27
split_gain=4.87214 11.298 9.43861 8.0418 12.2844 7.00794 0.0813233
threshold=1.2103787064552309 28991.400390625004 -0.38066166639327997 5676.7497558593759 1.7337871789932253 1476456.1875000002 -446591.99999999994
decision_type=2 2 2 2 2 2 2
left_child=3 6 -3 5 -5 -1 -2
right_child=1 2 -4 4 -6 -7 -8
leaf_value=-0.0011727763949922229 -0.053039795226139233 0.05195372506944862 -0.037501894381046404 -0.023505432209388725 0.037089917101810269 0.044425984154438193 -0.078907411602959887
leaf_weight=407.94729547947645 1.8698512613773353 5.7797960489988327 5.9876224100589734 11.013023167848585 33.754622742533684 8.6026332974433881 5.3977285623550433
leaf_count=1247 10 13 21 42 79 18 25
internal_value=0.000900333 -0.0238699 0.00601107 0.00193324 0.0220715 -0.000219063 -0.07294
internal_weight=480.353 19.035 11.7674 461.318 44.7676 416.55 7.26758
internal_count=1455 69 34 1386 121 1265 35
is_linear=0
shrinkage=0.05


Tree=80
num_leaves=7
num_cat=0
split_feature=59 24 10 59 1 10
split_gain=4.77231 9.80667 9.6059 6.91359 6.27306 1.94373
threshold=242466.32031250003 339.00000000000006 -0.00015449999773409215 225950.78125000003 12018210.500000002 -1.0000000180025095e-35
decision_type=2 2 2 2 2 2
left_child=3 2 -2 4 -1 -5
right_child=1 -3 -4 5 -6 -7
leaf_value=-0.00055100987451094324 0.0038988120331669034 -0.051724796444820011 0.062722659156768029 -0.082126909843486931 0.047007473456344061 -0.018181455907870053
leaf_weight=434.50438441336155 16.010267108678818 4.1875315159559241 12.521573111414911 3.1847151815891266 7.0451929271221152 2.269829958677291
leaf_count=1328 48 16 24 14 17 8
internal_value=0.00085497 0.0192916 0.0298897 -0.000483349 0.000196491 -0.0564336
internal_weight=479.723 32.7194 28.5318 447.004 441.55 5.45455
internal_count=1455 88 72 1367 1345 22
is_linear=0
shrinkage=0.05


Tree=81
num_leaves=6
num_cat=0
split_feature=40 1 0 1 36
split_gain=4.69784 6.03585 7.66246 7.52512 4.96821
threshold=3.3598093986511235 12018210.500000002 48512.000000000007 3211292.8750000005 0.94845572113990795
decision_type=2 2 2 2 2
left_child=1 3 -3 -1 -2
right_child=4 2 -4 -5 -6
leaf_value=0.0023837914669065032 0 0.084023801826146063 -0.011552021748240096 -0.014074405262260345 0.074731643317216184
leaf_weight=377.04928656667471 4.6469921916723234 4.7569596916437131 3.6040624380111694 85.098907232284546 4.3823368102312088
leaf_count=1125 14 9 12 287 8
internal_value=0.000811327 0.000115097 0.0422273 -0.000635964 0.0365375
internal_weight=479.539 470.509 8.36102 462.148 9.02933
internal_count=1455 1433 21 1412 22
is_linear=0
shrinkage=0.05


Tree=82
num_leaves=5
num_cat=0
split_feature=26 45 48 36
split_gain=4.59151 5.16944 9.61076 4.73642
threshold=0.00071428823866881441 -1.1141054630279539 -0.93816524744033802 0.67893975973129284
decision_type=2 2 2 2
left_child=-1 3 -3 -2
right_child=1 2 -4 -5
leaf_value=0.053838438440601225 -0.001714704803444678 0.025057402521604329 -0.0012000531733621657 -0.092316450803342512
leaf_weight=4.0428515970706931 3.1390722393989554 37.896474033594131 431.34533819556236 2.8645348846912384
leaf_count=22 10 100 1311 12
internal_value=0.000771528 0.000309574 0.000909872 -0.0457769
internal_weight=479.288 475.245 469.242 6.00361
internal_count=1455 1433 1411 22
is_linear=0
shrinkage=0.05


Tree=83
num_leaves=8
num_cat=0
split_feature=9 4 27 9 7 41 24
split_gain=4.56841 13.9515 16.6169 9.25815 12.8846 10.6163 4.08316
threshold=95314628.000000015 164809.25000000003 -1452927.9999999998 87607284.000000015 0.92009279131889354 -2.3445528745651241 107.50000000000001
decision_type=2 2 2 2 2 2 2
left_child=3 2 -2 5 -5 -1 -3
right_child=1 6 -4 4 -6 -7 -8
leaf_value=0.027515792989012355 -0.079338373091865727 0.010040901608395941 -0.0077235178150730222 0.080061655410608334 0.011178836157366182 -0.0039085771296403019 0.0786668083254074
leaf_weight=29.431870728731155 10.394120991230009 4.611010327935217 37.648728102445602 7.4889684915542594 77.006050877273083 308.0746997371316 4.4358154684305191
leaf_count=76 46 15 115 15 215 965 8
internal_value=0.000732515 -0.0125274 -0.0233215 0.0025382 0.0173432 -0.00115344 0.0442421
internal_weight=479.091 57.0897 48.0428 422.002 84.495 337.507 9.04683
internal_count=1455 184 161 1271 230 1041 23
is_linear=0
shrinkage=0.05


Tree=84
num_leaves=8
num_cat=0
split_feature=8 41 2 30 20 53 19
split_gain=4.5481 17.6855 17.0009 9.97439 24.5888 8.48611 1.84514
threshold=2.2681499719619755 1.8404095172882082 768901.40625000012 1.7387365102767947 28898.294921875004 -1.901402413845062 24763.320312500004
decision_type=2 2 2 2 2 2 2
left_child=3 2 -2 5 -5 -1 -3
right_child=1 6 -4 4 -6 -7 -8
leaf_value=0.0278101333396749 -0.063278073885740513 -0.085479657276676529 0.042619378080272136 0.0039507980251730045 -0.045349390965918113 0.00086195971633602872 -0.024070547560036317
leaf_weight=32.478088676929474 4.2740171849727622 3.6999669671058646 31.498305007815361 69.503685683012009 39.618914589285851 295.57229147106409 2.2260046303272247
leaf_count=95 16 16 74 209 151 886 8
internal_value=0.00069544 0.0164787 0.0298272 -0.000798556 -0.0139027 0.00354516 -0.063256
internal_weight=478.871 41.6983 35.7723 437.173 109.123 328.05 5.92597
internal_count=1455 114 90 1341 360 981 24
is_linear=0
shrinkage=0.05


Tree=85
num_leaves=6
num_cat=0
split_feature=60 58 34 53 3
split_gain=4.56485 6.18049 5.05344 11.826 11.7501
threshold=-2635096.4999999995 157948.13281250003 0.69472742080688488 1.1438649892807009 -94812.199218749985
decision_type=2 2 2 2 2
left_child=1 -1 4 -4 -2
right_child=2 -3 3 -5 -6
leaf_value=-0.078811985722423844 0.0067473771335640163 0.022342115427768001 0.028929332553550399 -0.00057470526578494419 -0.012627023851866273
leaf_weight=4.0570727139711371 164.80056484043598 2.303370326757431 49.030275501310825 109.4950077906251 148.78661499172449
leaf_count=18 494 6 130 331 476
internal_value=0.000659267 -0.0413939 0.00123641 0.00851906 -0.00242918
internal_weight=478.473 6.36044 472.112 158.525 313.587
internal_count=1455 24 1431 461 970
is_linear=0
shrinkage=0.05


Tree=86
num_leaves=8
num_cat=0
split_feature=52 29 12 49 37 36 28
split_gain=4.49679 20.9099 16.214 13.0825 10.6241 9.64094 8.91226
threshold=3.2427390813827519 2.0274170637130742 29026126.000000004 -0.43919524550437922 -1.757582902908325 2.3881645202636723 1644.0625000000002
decision_type=2 2 2 2 2 2 2
left_child=1 6 4 -4 -2 -3 -1
right_child=2 5 3 -5 -6 -7 -8
leaf_value=0.0041018701605482115 -0.0064324662791326931 -0.040064269661329033 0.010962794630652022 -0.078618983638450518 0.036795307565388909 0.055586161628353795 -0.037020121989524493
leaf_weight=340.08088435232639 20.852593630552292 41.466046318411827 8.1121692955493945 8.0241246670484525 43.466098576784134 2.7707912325859061 13.690911442041395
leaf_count=1011 68 155 23 36 103 6 53
internal_value=0.000625204 -0.00154308 0.0114138 -0.0332738 0.0227028 -0.0339601 0.00249632
internal_weight=478.464 398.009 80.455 16.1363 64.3187 44.2368 353.772
internal_count=1455 1225 230 59 171 161 1064
is_linear=0
shrinkage=0.05


Tree=87
num_leaves=6
num_cat=0
split_feature=25 59 34 59 23
split_gain=4.5006 6.94973 13.6074 12.17 2.00958
threshold=86786.648437500015 24453.642578125004 -0.83306151628494252 41942.740234375007 405.00000000000006
decision_type=2 2 2 2 2
left_child=1 2 -1 -3 -2
right_child=4 3 -4 -5 -6
leaf_value=0.074893736413749037 -0.07024046140309001 -0.026295295589929796 0.0026382531283228737 0.0021587482153138421 -0.0040712099007709284
leaf_weight=9.21860019862652 3.2069719433784476 41.475558564066887 22.758598148822784 399.245371773839 2.0485737323760986
leaf_count=18 16 138 66 1209 8
internal_value=0.000592353 0.00111428 0.0236249 -0.000507672 -0.0453995
internal_weight=477.954 472.698 31.9772 440.721 5.25555
internal_count=1455 1431 84 1347 24
is_linear=0
shrinkage=0.05


Tree=88
num_leaves=6
num_cat=0
split_feature=13 9 9 48 39
split_gain=4.44834 7.53671 12.3259 8.72481 5.67058
threshold=71559572.000000015 92779508.000000015 87607284.000000015 1.3633448481559756 0.27421084046363836
decision_type=2 2 2 2 2
left_child=1 2 -1 -3 -2
right_child=4 3 -4 -5 -6
leaf_value=-0.0011600926877539481 -0.0025311348071059415 -0.0093178477910938647 0.023296854196416458 -0.069022901197480974 0.074866390020438212
leaf_weight=336.82578810304403 4.7000532597303373 64.208150774240494 60.760048158466816 6.8151777237653723 4.5340222120285034
leaf_count=1041 14 203 161 28 8
internal_value=0.000562178 -0.000104386 0.0025649 -0.0151174 0.0349303
internal_weight=477.843 468.609 397.586 71.0233 9.23408
internal_count=1455 1433 1202 231 22
is_linear=0
shrinkage=0.05


Tree=89
num_leaves=7
num_cat=0
split_feature=47 51 3 22 43 54
split_gain=4.52491 10.7627 6.63721 6.13943 13.8413 9.02898
threshold=1.2103787064552309 0.97670435905456554 -62785.849609374993 3698.6850585937505 60890.574218750007 -3.0744665861129756
decision_type=2 2 2 2 2 2
left_child=3 2 -2 4 -1 -5
right_child=1 -3 -4 5 -6 -7
leaf_value=0.023650779613342405 0.031128093964961075 -0.073278081427352884 -0.049293115228030114 0.03080296457262446 -0.0054318134924307496 -0.0050459940884810851
leaf_weight=82.946525916457176 8.0202302634716034 6.8881291300058356 3.7546806633472452 18.728475674986839 80.302517250180244 277.03887841850519
leaf_count=216 19 34 16 55 252 863
internal_value=0.000532456 -0.0235853 0.00505945 0.00152395 0.00931437 -0.00275907
internal_weight=477.679 18.663 11.7749 459.016 163.249 295.767
internal_count=1455 69 35 1386 468 918
is_linear=0
shrinkage=0.05


Tree=90
num_leaves=6
num_cat=0
split_feature=46 48 47 30 13
split_gain=4.48965 5.49076 5.23428 11.51 6.70143
threshold=2.5935057401657109 1.3633448481559756 -1.0663108825683592 1.6446752548217776 71559572.000000015
decision_type=2 2 2 2 2
left_child=2 -2 3 -1 -4
right_child=1 -3 4 -5 -6
leaf_value=-0.00089221847769306638 0.072389425052379955 -0.0073778559350654721 0.0010356921747108083 -0.049006633927307232 0.046370056988634917
leaf_weight=49.009363129734993 4.7438052743673307 3.7665673941373825 394.60606096684933 16.755838558077812 8.3337740302085859
leaf_count=153 9 13 1196 66 18
internal_value=0.000504732 0.0364981 -0.000138139 -0.013227 0.00198573
internal_weight=477.215 8.51037 468.705 65.7652 402.94
internal_count=1455 22 1433 219 1214
is_linear=0
shrinkage=0.05


Tree=91
num_leaves=8
num_cat=0
split_feature=35 4 58 50 12 30 33
split_gain=4.49106 14.7228 10.2829 8.42969 14.0006 11.5901 7.42491
threshold=-1.9057602882385252 110562.48828125001 333860.82812500006 3.6066942214965825 26719124.000000004 1.7387365102767947 -1.4393773078918455
decision_type=2 2 2 2 2 2 2
left_child=1 2 -1 5 -5 -2 -3
right_child=3 6 -4 4 -6 -7 -8
leaf_value=-0.052021057432875689 0.0041838317937126744 0.068764882700139307 0.050536496346546389 0.039754087410661672 -0.025661705127295681 -0.016790378163811008 -0.0013228786059533511
leaf_weight=21.669453382492069 307.95349196344614 5.3069735616445568 2.7059604227542868 32.028646185994148 10.887517184019087 83.773958012461662 12.661634698510168
leaf_count=87 910 12 9 76 37 283 41
internal_value=0.00047878 -0.0150513 -0.0404308 0.00200327 0.0230421 -0.000288902 0.0190991
internal_weight=476.988 42.344 24.3754 434.644 42.9162 391.727 17.9686
internal_count=1455 149 96 1306 113 1193 53
is_linear=0
shrinkage=0.05


Tree=92
num_leaves=8
num_cat=0
split_feature=59 39 23 59 23 43 26
split_gain=4.415 9.35475 6.63968 6.3734 5.78876 4.43515 1.95212
threshold=242466.32031250003 0.2311145216226578 66.500000000000014 225950.78125000003 341.50000000000006 630559.87500000012 0.016428560018539432
decision_type=2 2 2 2 2 2 2
left_child=3 2 -2 4 -1 -3 -5
right_child=1 5 -4 6 -6 -7 -8
leaf_value=-0.0020016017847220894 0.013922053833201201 0.017037014261855138 -0.056561852195668151 -0.080856000195620142 0.017875669358770701 0.067325103565013672 -0.016262382656868482
leaf_weight=398.37196210771799 8.9533569067716581 9.2431654781103152 5.2691903561353675 3.1395862102508536 40.331413067877293 8.9622922539710981 2.2200267761945724
leaf_count=1231 25 25 21 14 114 17 8
internal_value=0.0004535 0.0182705 -0.0118394 -0.000836342 -0.000162823 0.0420678 -0.0550333
internal_weight=476.491 32.428 14.2225 444.063 438.703 18.2055 5.35961
internal_count=1455 88 46 1367 1345 42 22
is_linear=0
shrinkage=0.05


Tree=93
num_leaves=5
num_cat=0
split_feature=26 45 48 47
split_gain=4.35504 4.79264 8.30598 4.29079
threshold=0.00071428823866881441 -1.1141054630279539 -0.8477291166782378 0.30966979265213018
decision_type=2 2 2 2
left_child=-1 3 -3 -2
right_child=1 2 -4 -5
leaf_value=0.053522942357856734 -0.080958128249115427 0.017879475287082457 -0.0019932455195896177 0.0031174866217885877
leaf_weight=3.8313931897282592 3.4379573464393607 60.382771521806717 405.99826170504093 2.5192873030900955
leaf_count=22 15 168 1243 7
internal_value=0.000430411 0 0.000568973 -0.0445637
internal_weight=476.17 472.338 466.381 5.95724
internal_count=1455 1433 1411 22
is_linear=0
shrinkage=0.05


Tree=94
num_leaves=7
num_cat=0
split_feature=12 56 53 26 56 0
split_gain=4.31049 12.0236 9.6058 6.11885 7.18855 2.15214
threshold=15854991.500000002 99.999988555908217 1.1093848347663882 0.0021107111824676399 11.111100196838381 21514.500000000004
decision_type=2 2 2 2 2 2
left_child=1 2 -1 5 -5 -2
right_child=3 -3 -4 4 -6 -7
leaf_value=-0.00077785069980179135 0.054015174262996735 0.04183267004420077 -0.0461520940328662 -0.025609153162851506 0.0028409365562153269 0
leaf_weight=24.61647641658783 7.5527211129665357 8.5147426873445493 22.567073360085487 23.538837268948555 386.71421264111996 2.4658127799630165
leaf_count=83 41 18 85 85 1130 13
internal_value=0.000409358 -0.012648 -0.0225855 0.00215174 0.00119639 0.0407737
internal_weight=475.97 55.6983 47.1835 420.272 410.253 10.0185
internal_count=1455 186 168 1269 1215 54
is_linear=0
shrinkage=0.05


Tree=95
num_leaves=7
num_cat=0
split_feature=47 51 58 40 48 24
split_gain=4.23252 9.93743 8.72104 5.82489 13.3644 12.1787
threshold=1.2103787064552309 0.97670435905456554 195414.83593750003 0.86037334799766552 0.34842719137668615 157.50000000000003
decision_type=2 2 2 2 2 2
left_child=3 2 -2 5 -5 -1
right_child=1 -3 -4 4 -6 -7
leaf_value=-0.0096769542847896153 -0.035522437100512699 -0.071825978810192412 0.051048597097465002 0.017442776380331534 -0.022017894837638538 0.010728175448948442
leaf_weight=204.50493984669447 6.2453203424811381 6.6786570101976386 5.4248403012752533 112.41926784068346 26.42069797962904 113.68545267730951
leaf_count=662 23 34 12 305 87 332
internal_value=0.000389603 -0.0231415 0.00429141 0.00134527 0.00989755 -0.00237074
internal_weight=475.379 18.3488 11.6702 457.03 138.84 318.19
internal_count=1455 69 35 1386 392 994
is_linear=0
shrinkage=0.05


Tree=96
num_leaves=7
num_cat=0
split_feature=1 37 28 2 5 48
split_gain=4.35298 13.6234 12.199 10.2242 13.6092 9.95575
threshold=787406.00000000012 -2.2506883144378658 -593.62499999999989 1556139.8125000002 29195.534179687504 -0.68347764015197743
decision_type=2 2 2 2 2 2
left_child=1 -1 -3 4 -2 -5
right_child=3 2 -4 5 -6 -7
leaf_value=-0.079611599731680138 -0.022053161960413344 0.061839115618779 0.0066255112989924399 -0.013651073170333972 0.019962447146103523 0.0098117819273977856
leaf_weight=4.176947593688964 100.16769631206989 11.175260350108145 99.226688764989376 60.756418757140636 23.743521198630333 175.66983143985271
leaf_count=19 343 22 271 205 67 528
internal_value=0.000368845 0.00886692 0.0122597 -0.00231947 -0.0139619 0.00376119
internal_weight=474.916 114.579 110.402 360.337 123.911 236.426
internal_count=1455 312 293 1143 410 733
is_linear=0
shrinkage=0.05


Tree=97
num_leaves=8
num_cat=0
split_feature=34 41 38 41 9 60 53
split_gain=4.20145 12.8504 11.298 11.2842 10.2864 6.64344 4.34724
threshold=0.66046538949012767 2.0825122594833378 1.8468896150588991 1.8404095172882082 99202412.000000015 -2492561.2499999995 -1.0356826186180113
decision_type=2 2 2 2 2 2 2
left_child=2 4 3 -1 -2 -4 -3
right_child=1 6 5 -5 -6 -7 -8
leaf_value=0.0026635429020261448 0.005421309304047316 0.017685830820225939 7.639588217049116e-05 -0.025099515287646226 -0.054448035854665677 -0.083952797407107746 0.07522631582660641
leaf_weight=252.92874032258987 146.95710708200932 5.8023153990507117 3.4382245242595673 42.767884947359562 7.5351413339376441 6.7151456326246244 8.4461950808763486
leaf_count=765 437 16 11 152 30 29 15
internal_value=0.000350116 0.00669323 -0.0031331 -0.00133504 0.0024689 -0.0550056 0.0521454
internal_weight=474.591 168.741 305.85 295.697 154.492 10.1534 14.2485
internal_count=1455 498 957 917 467 40 31
is_linear=0
shrinkage=0.05


Tree=98
num_leaves=8
num_cat=0
split_feature=52 30 37 48 59 22 28
split_gain=4.22357 17.1571 11.4182 16.2904 12.1029 9.56265 7.8592
threshold=3.2427390813827519 2.1943502426147465 -1.757582902908325 -0.82700207829475392 46948.417968750007 -2700.1237792968745 1644.0625000000002
decision_type=2 2 2 2 2 2 2
left_child=1 6 4 -4 -2 -3 -1
right_child=2 5 3 -5 -6 -7 -8
leaf_value=0.0030520869792574328 0.058788838522016731 0.013425135208892658 0.07520874279862938 0.0090271773491184711 -0.029783488088099337 -0.047608379323410478 -0.03579032817970651
leaf_weight=343.81778963655233 4.5994861423969295 8.0914265513420087 12.234923571348189 39.733237147331238 23.171039789915085 28.990772306919098 13.524255231022833
leaf_count=1034 10 24 21 112 87 114 53
internal_value=0.000332977 -0.00177791 0.0108371 0.0247046 -0.0149337 -0.0341559 0.00156803
internal_weight=474.163 394.424 79.7387 51.9682 27.7705 37.0822 357.342
internal_count=1455 1225 230 133 97 138 1087
is_linear=0
shrinkage=0.05


Tree=99
num_leaves=6
num_cat=0
split_feature=7 7 2 31 3
split_gain=4.18264 4.82731 9.81975 8.03807 2.41476
threshold=3.5894435644149785 1.7831651568412783 1780894.9375000002 4.3378210067749032 -78033.402343749985
decision_type=2 2 2 2 2
left_child=1 2 -1 -3 -2
right_child=4 3 -4 -5 -6
leaf_value=-0.019709002103501856 -0.012486537251959532 0.0073947540661928185 0.0055385289406226241 -0.017067414493572849 -0.08117472828200073
leaf_weight=73.019868716597557 3.215099424123764 275.82484886050224 81.046215042471886 38.141373202204704 2.3839880973100653
leaf_count=253 12 789 259 131 11
internal_value=0.000316164 0.000840562 -0.00639513 0.00440711 -0.0426257
internal_weight=473.631 468.032 154.066 313.966 5.59909
internal_count=1455 1432 512 920 23
is_linear=0
shrinkage=0.05


end of trees

feature_importances:
atr=71
liq_short_5=36
Long/Short_Ratio_(Account)=25
Buy_Qty=22
z_delta_qty=21
liq_short_5_mean=21
Agg._OI=17
z_btc_4=15
z_cvd_20=14
rsi=14
Bid_Trades=13
liq_long_5_mean=13
Sell_Qty=12
RSI=12
btc_cvd_mom=12
z_oi=12
z_ls=12
Net_Shorts=11
Delta_Qty=11
Delta_USD=11
total_qty=10
vol_regime=10
z_cvd_10=9
liq_long_5=9
z_bid_trades=8
Candle_Delta=7
Ask_Qty=7
Ask_Trades=7
cvd_delta=7
z_btc_10=7
ema_slow=6
z_cvd_4=6
funding=6
ema_50=6
pull_ema8=6
pull_ema50=6
Candle=5
Agg._Liq_Short=5
Bid_Qty=5
Ask_USD=5
z_btc_20=5
ema_21=5
btc_CVD=5
Agg._Liq_Long=4
Whale_Ind=4
Agg._Funding_Rate=4
Net_Longs=4
macro_score=4
z_bid_qty=4
stoch_k=4
ema_fast=3
z_ask_trades=3
pull_ema21=3
CVD=2
Price_Low=2
Bid_USD=2
Mid_Price=1
z_ask_qty=1
ema_8=1

parameters:
[boosting: gbdt]
[objective: binary]
[metric: binary_logloss]
[tree_learner: serial]
[device_type: cpu]
[data_sample_strategy: bagging]
[data: ]
[valid: ]
[num_iterations: 100]
[learning_rate: 0.05]
[num_leaves: 31]
[num_threads: 1]
[seed: 42]
[deterministic: 0]
[force_col_wise: 0]
[force_row_wise: 0]
[histogram_pool_size: -1]
[max_depth: 3]
[min_data_in_leaf: 10]
[min_sum_hessian_in_leaf: 0.001]
[bagging_fraction: 0.8]
[pos_bagging_fraction: 1]
[neg_bagging_fraction: 1]
[bagging_freq: 0]
[bagging_seed: 400]
[bagging_by_query: 0]
[feature_fraction: 0.8]
[feature_fraction_bynode: 1]
[feature_fraction_seed: 30056]
[extra_trees: 0]
[extra_seed: 12879]
[early_stopping_round: 0]
[early_stopping_min_delta: 0]
[first_metric_only: 0]
[max_delta_step: 0]
[lambda_l1: 0.1]
[lambda_l2: 0]
[linear_lambda: 0]
[min_gain_to_split: 0]
[drop_rate: 0.1]
[max_drop: 50]
[skip_drop: 0.5]
[xgboost_dart_mode: 0]
[uniform_drop: 0]
[drop_seed: 17869]
[top_rate: 0.2]
[other_rate: 0.1]
[min_data_per_group: 100]
[max_cat_threshold: 32]
[cat_l2: 10]
[cat_smooth: 10]
[max_cat_to_onehot: 4]
[top_k: 20]
[monotone_constraints: ]
[monotone_constraints_method: basic]
[monotone_penalty: 0]
[feature_contri: ]
[forcedsplits_filename: ]
[refit_decay_rate: 0.9]
[cegb_tradeoff: 1]
[cegb_penalty_split: 0]
[cegb_penalty_feature_lazy: ]
[cegb_penalty_feature_coupled: ]
[path_smooth: 0]
[interaction_constraints: ]
[verbosity: -1]
[saved_feature_importance_type: 0]
[use_quantized_grad: 0]
[num_grad_quant_bins: 4]
[quant_train_renew_leaf: 0]
[stochastic_rounding: 1]
[linear_tree: 0]
[max_bin: 63]
[max_bin_by_feature: ]
[min_data_in_bin: 3]
[bin_construct_sample_cnt: 200000]
[data_random_seed: 175]
[is_enable_sparse: 1]
[enable_bundle: 1]
[use_missing: 1]
[zero_as_missing: 0]
[feature_pre_filter: 1]
[pre_partition: 0]
[two_round: 0]
[header: 0]
[label_column: ]
[weight_column: ]
[group_column: ]
[ignore_column: ]
[categorical_feature: ]
[forcedbins_filename: ]
[precise_float_parser: 0]
[parser_config_file: ]
[objective_seed: 16083]
[num_class: 1]
[is_unbalance: 0]
[scale_pos_weight: 2.78906]
[sigmoid: 1]
[boost_from_average: 1]
[reg_sqrt: 0]
[alpha: 0.9]
[fair_c: 1]
[poisson_max_delta_step: 0.7]
[tweedie_variance_power: 1.5]
[lambdarank_truncation_level: 30]
[lambdarank_norm: 1]
[label_gain: ]
[lambdarank_position_bias_regularization: 0]
[eval_at: ]
[multi_error_top_k: 1]
[auc_mu_weights: ]
[num_machines: 1]
[local_listen_port: 12400]
[time_out: 120]
[machine_list_filename: ]
[machines: ]
[gpu_platform_id: -1]
[gpu_device_id: -1]
[gpu_use_dp: 0]
[num_gpu: 1]

end of parameters

pandas_categorical:[]
