tree
version=v4
num_class=1
num_tree_per_iteration=1
label_index=0
max_feature_idx=60
objective=binary sigmoid:1
feature_names=Candle Buy_Qty Sell_Qty Candle_Delta Agg._Liq_Long Agg._Liq_Short CVD Long/Short_Ratio_(Account) Whale_Ind Agg._OI Agg._Funding_Rate RSI Net_Shorts Net_Longs Price_Low Price_High Mid_Price Bid_Qty Ask_Qty Bid_USD Ask_USD Delta_Qty Delta_USD Bid_Trades Ask_Trades total_qty atr cvd_delta btc_cvd_mom ema_fast ema_slow macro_score macro z_cvd_4 z_btc_4 z_cvd_10 z_btc_10 z_cvd_20 z_btc_20 vol_regime z_oi z_ls funding liq_long_5 liq_short_5 z_bid_qty z_ask_qty z_delta_qty z_bid_trades z_ask_trades ema_8 ema_21 ema_50 pull_ema8 pull_ema21 pull_ema50 rsi stoch_k liq_long_5_mean liq_short_5_mean btc_CVD
feature_infos=[201:20276] [0.83600002527236938:60872.68359375] [2.2439999580383301:65192.42578125] [-4319.7412109375:3392.39501953125] [0:5637184] [0:8666869] [-630285.1875:933.11700439453125] [0:5.846531867980957] [0:2.8689000606536865] [0:87779.09375] [-0.0084589999169111252:0.011769999749958515] [0:89.529998779296875] [0:28902.470703125] [0:47856] [3989.35009765625:5408.14990234375] [3989.449951171875:5408.25] [3989.39990234375:5408.2001953125] [0:338.82901000976562] [0:211.64199829101562] [0:1603294.75] [0:1107385] [-211.64199829101562:279.36199951171875] [-1321904.5:1107385] [0:478] [0:465] [0:334.62799072265625] [0.0612444207072258:59.190742492675781] [-13700.173828125:9741.375] [-3509.75:4460] [4011.60546875:5359.947265625] [4034.385498046875:5248.08203125] [-524.22149658203125:143.72647094726562] [-1:1] [-1.5:1.5] [-1.4999980926513672:1.4999086856842041] [-2.583195686340332:2.7655806541442871] [-2.828277587890625:2.7824127674102783] [-3.6447596549987793:3.8697178363800049] [-3.8982293605804443:4.0046110153198242] [-2.2251596450805664:6.0811176300048828] [-4.3224806785583496:7.5804486274719238] [-4.1353702545166016:6.1076836585998535] [-0.0084589999169111252:0.011769999749958515] [0:65598028] [0:35843424] [-1.802836537361145:2.846001148223877] [-1.8867812156677246:2.844393253326416] [-2.8029019832611084:2.8247921466827393] [-2.0595927238464355:2.7574350833892822] [-1.6667718887329102:2.7812168598175049] [3981.879638671875:5394.091796875] [3981.081787109375:5458.88330078125] [3987.946533203125:5485.79248046875] [-5.1122317314147949:5.1298251152038574] [-6.875577449798584:6.5623888969421387] [-7.7876553535461426:9.0076093673706055] [0:100] [0:100] [0:3665698.25] [0:3361035] [-2645563.25:-2478422.5]
tree_sizes=650 662 666 663 663 561 661 666 666 667 664 664 666 664 666 972 564 669 868 975 975 867 664 873 668 874 769 988 980 870 774 980 762 768 674 676 975 874 766 869 771 766 877 764 767 983 984 571 670 776 983 666 976 877 671 876 879 665 673 672 879 676 672 763 877 567 879 985 672 670 983 777 986 671 983 570 882 672 671 882 985 673 669 870 964 980 775 673 871 671 991 980 673 988 876 986 884 671 984 780

Tree=0
num_leaves=5
num_cat=0
split_feature=26 22 54 30
split_gain=82.9247 53.6183 43.647 40.3426
threshold=1.2007533311843874 -22106.434570312496 1.4616709351539614 4075.350708007813
decision_type=2 2 2 2
left_child=-1 2 -2 -3
right_child=1 3 -4 -5
leaf_value=-1.6277907218842351 -1.5564203581820326 -1.5347921849131323 -1.4312000940463732 -1.4134848999543119
leaf_weight=6.4228975027799597 16.555198848247532 7.6208762079477301 12.128932520747183 79.164418488740921
leaf_count=45 97 42 47 285
internal_value=-1.45346 -1.44372 -1.5033 -1.42408
internal_weight=121.892 115.469 28.6841 86.7853
internal_count=516 471 144 327
is_linear=0
shrinkage=1


Tree=1
num_leaves=5
num_cat=0
split_feature=26 11 40 36
split_gain=66.7689 43.7691 30.0985 29.0709
threshold=1.2007533311843874 35.939998626708991 -0.6332091987133025 -1.1588055491447447
decision_type=2 2 2 2
left_child=-1 3 -3 -2
right_child=1 2 -4 -5
leaf_value=-0.059008260168709928 -0.026457378452876729 0.08574634169809417 0.14979204639054874 0.08516759280299939
leaf_weight=6.1737082153558722 7.023789331316947 27.563985228538513 57.758332461118698 32.651304826140404
leaf_count=45 43 112 178 138
internal_value=0.100982 0.108924 0.12916 0.0652803
internal_weight=131.171 124.997 85.3223 39.6751
internal_count=516 471 290 181
is_linear=0
shrinkage=0.05


Tree=2
num_leaves=5
num_cat=0
split_feature=26 22 53 11
split_gain=55.0452 36.6048 44.2921 25.9502
threshold=1.2007533311843874 -22106.434570312496 0.75486582517623912 68.490001678466811
decision_type=2 2 2 2
left_child=-1 2 -2 -3
right_child=1 3 -4 -5
leaf_value=-0.058412523874482584 -0.0050410593298363627 0.098764824724348096 0.11261228702288861 0.16274655979715177
leaf_weight=5.9309857338666907 17.026690900325779 81.323557749390602 14.960188105702398 20.105423390865326
leaf_count=45 96 280 48 47
internal_value=0.0901091 0.0967491 0.0498288 0.111497
internal_weight=139.347 133.416 31.9869 101.429
internal_count=516 471 144 327
is_linear=0
shrinkage=0.05


Tree=3
num_leaves=5
num_cat=0
split_feature=26 30 22 28
split_gain=46.2205 32.7712 25.472 22.0702
threshold=1.2007533311843874 4075.350708007813 -22106.434570312496 54.500000000000007
decision_type=2 2 2 2
left_child=-1 3 -3 -2
right_child=1 2 -4 -5
leaf_value=-0.057852432255291908 -0.061723018991514084 0.053762271428454883 0.10626779756958396 0.08130103433860239
leaf_weight=5.6949620693922034 5.9110123962163907 30.68575619161129 99.260444447398186 4.9557182341814041
leaf_count=45 37 130 285 19
internal_value=0.0812688 0.0869308 0.0939075 0.00304227
internal_weight=146.508 140.813 129.946 10.8667
internal_count=516 471 415 56
is_linear=0
shrinkage=0.05


Tree=4
num_leaves=5
num_cat=0
split_feature=26 11 47 38
split_gain=39.3633 25.3145 26.0591 22.6879
threshold=1.2007533311843874 35.939998626708991 -0.31422959268093104 2.0872273445129399
decision_type=2 2 2 2
left_child=-1 2 -2 -3
right_child=1 3 -4 -5
leaf_value=-0.057324883234124692 -0.010820164489415729 0.097761498824355059 0.07211106912244139 -0.013873483004054638
leaf_weight=5.465805195271968 13.388912558555601 97.67750246822834 31.591809570789337 4.692016899585723
leaf_count=45 65 268 116 22
internal_value=0.0739054 0.0788072 0.0473147 0.092596
internal_weight=152.816 147.35 44.9807 102.37
internal_count=516 471 181 290
is_linear=0
shrinkage=0.05


Tree=5
num_leaves=4
num_cat=0
split_feature=24 26 31
split_gain=37.2727 21.4757 23.6202
threshold=46.500000000000007 1.2007533311843874 -8.5501494407653791
decision_type=2 2 2
left_child=1 -1 -3
right_child=-2 2 -4
leaf_value=-0.056191375819279771 -0.061233474061947915 0.1263324650254469 0.067128424843708179
leaf_weight=3.1461758539080611 5.3792595565319052 19.631370782852173 130.28253376483917
leaf_count=27 37 38 414
internal_value=0.0676256 0.072187 0.0749146
internal_weight=158.439 153.06 149.914
internal_count=516 479 452
is_linear=0
shrinkage=0.05


Tree=6
num_leaves=5
num_cat=0
split_feature=24 54 21 24
split_gain=32.4716 21.2024 34.6848 27.0388
threshold=46.500000000000007 1.580289959907532 6.5720000267028817 4.5000000000000009
decision_type=2 2 2 2
left_child=1 2 -1 -3
right_child=-2 3 -4 -5
leaf_value=0.065945568130468452 -0.060500534448227762 0.038264088539865876 -0.010581316522643186 0.1127573464736023
leaf_weight=81.83202201128006 5.1773237884044638 17.704967886209488 17.944736123085022 40.766214489936829
leaf_count=242 37 58 90 89
internal_value=0.062215 0.0662614 0.0521322 0.0902864
internal_weight=163.425 158.248 99.7768 58.4712
internal_count=516 479 332 147
is_linear=0
shrinkage=0.05


Tree=7
num_leaves=5
num_cat=0
split_feature=26 30 48 47
split_gain=27.5727 22.0231 19.0184 18.0422
threshold=1.2007533311843874 4075.350708007813 1.1559795141220095 0.23119845241308215
decision_type=2 2 2 2
left_child=-1 3 -3 -2
right_child=1 2 -4 -5
leaf_value=-0.056541291072456368 -0.063674818098270594 0.071638246415802243 0.0071390328388557262 0.059715334597133019
leaf_weight=5.0935930907726279 6.1746294200420362 138.19879128038883 12.648748725652693 5.6845542341470718
leaf_count=45 36 364 51 20
internal_value=0.0575023 0.0611032 0.0662631 -0.00410765
internal_weight=167.8 162.707 150.848 11.8592
internal_count=516 471 415 56
is_linear=0
shrinkage=0.05


Tree=8
num_leaves=5
num_cat=0
split_feature=24 54 11 51
split_gain=26.2966 17.9006 34.5341 17.1481
threshold=46.500000000000007 -1.9843633770942686 20.175000190734867 4023.2553710937505
decision_type=2 2 2 2
left_child=1 2 -1 -3
right_child=-2 3 -4 -5
leaf_value=0.094134949781887814 -0.060005122306200531 -0.064092841458748384 -0.045698778403073126 0.064796191197386208
leaf_weight=7.342935964465144 4.9258164614439002 2.5881440117955199 11.042281635105608 145.73538631945848
leaf_count=19 37 15 56 389
internal_value=0.053359 0.0567386 0.00987794 0.0625135
internal_weight=171.635 166.709 18.3852 148.324
internal_count=516 479 75 404
is_linear=0
shrinkage=0.05


Tree=9
num_leaves=5
num_cat=0
split_feature=26 30 28 48
split_gain=22.5308 18.2193 15.9668 15.5745
threshold=1.2007533311843874 4075.350708007813 54.500000000000007 1.1559795141220095
decision_type=2 2 2 2
left_child=-1 2 -2 -3
right_child=1 3 -4 -5
leaf_value=-0.056095815811612493 -0.062963210446596807 0.061899916439695592 0.051904366640296962 0.0042478680929911496
leaf_weight=4.8523394986987105 6.1475340947508794 145.20971754193306 5.9380217641592026 12.946409761905668
leaf_count=45 37 364 19 51
internal_value=0.0496442 0.0526875 -0.00611136 0.0572122
internal_weight=175.094 170.242 12.0856 158.156
internal_count=516 471 56 415
is_linear=0
shrinkage=0.05


Tree=10
num_leaves=5
num_cat=0
split_feature=24 54 34 24
split_gain=21.6227 16.7716 34.6359 22.0343
threshold=46.500000000000007 1.580289959907532 -1.2531392574310301 4.5000000000000009
decision_type=2 2 2 2
left_child=1 2 -1 -3
right_child=-2 3 -4 -5
leaf_value=-0.069639358551532179 -0.059465595404375654 0.024427838002459554 0.044628352005778166 0.088728094290833906
leaf_weight=7.0603638216853133 4.6581698656082144 19.253459051251411 101.96133477985859 45.08157342672348
leaf_count=36 37 58 296 89
internal_value=0.0463557 0.049228 0.0371824 0.0695628
internal_weight=178.015 173.357 109.022 64.335
internal_count=516 479 332 147
is_linear=0
shrinkage=0.05


Tree=11
num_leaves=5
num_cat=0
split_feature=24 22 27 22
split_gain=19.3633 14.5808 22.6133 16.7033
threshold=46.500000000000007 -22106.434570312496 1182.7968750000002 -11107.364257812498
decision_type=2 2 2 2
left_child=1 2 -1 -3
right_child=-2 3 -4 -5
leaf_value=0.0047812680035116926 -0.058844014658100213 0.090153746474551891 0.11908293060685274 0.045222131775074309
leaf_weight=34.827592954039574 4.4766063764691344 25.848334439098835 4.960070088505744 110.5641807243228
leaf_count=134 37 47 8 290
internal_value=0.0433594 0.0459844 0.0191562 0.0537727
internal_weight=180.677 176.2 39.7877 136.413
internal_count=516 479 142 337
is_linear=0
shrinkage=0.05


Tree=12
num_leaves=5
num_cat=0
split_feature=26 54 34 44
split_gain=18.292 15.5735 29.8459 13.5085
threshold=1.2007533311843874 1.580289959907532 -1.2531392574310301 1844288.7500000002
decision_type=2 2 2 2
left_child=-1 2 -2 -3
right_child=1 3 -4 -5
leaf_value=-0.056058230618376892 -0.069249764444940118 0.073640355112690542 0.038404156437856857 0.015668529522020715
leaf_weight=4.7187036499381056 6.8256511539220801 53.329453259706497 105.46154890209436 12.665634647011755
leaf_count=45 35 105 295 36
internal_value=0.040648 0.0432356 0.0318156 0.0625903
internal_weight=183.001 178.282 112.287 65.9951
internal_count=516 471 330 141
is_linear=0
shrinkage=0.05


Tree=13
num_leaves=5
num_cat=0
split_feature=26 30 47 59
split_gain=16.4806 15.495 14.2421 13.4009
threshold=1.2007533311843874 4075.350708007813 0.23119845241308215 642367.15625000012
decision_type=2 2 2 2
left_child=-1 2 -2 -3
right_child=1 3 -4 -5
leaf_value=-0.055628055318193065 -0.065329295679289592 0.050083367904750348 0.04006761694385827 0.0077825097435496289
leaf_weight=4.5224017873406401 6.3847215920686704 145.87133850157261 6.3915185481309891 21.808725133538246
leaf_count=45 36 351 20 64
internal_value=0.038182 0.0405607 -0.0122115 0.0446115
internal_weight=184.979 180.456 12.7762 167.68
internal_count=516 471 56 415
is_linear=0
shrinkage=0.05


Tree=14
num_leaves=5
num_cat=0
split_feature=26 54 10 24
split_gain=14.8881 14.0427 27.2864 17.6455
threshold=1.2007533311843874 1.580289959907532 0.00069264500052668165 4.5000000000000009
decision_type=2 2 2 2
left_child=-1 2 -2 -3
right_child=1 3 -4 -5
leaf_value=-0.055218820269668394 0.015064751894673073 0.016345106301960958 0.075914973472154534 0.07279403475102543
leaf_weight=4.3329168856143943 91.701028607785702 19.861118718981743 23.170676708221436 47.676996417343616
leaf_count=45 286 55 44 86
internal_value=0.0359127 0.0381048 0.0273823 0.056268
internal_weight=186.743 182.41 114.872 67.5381
internal_count=516 471 330 141
is_linear=0
shrinkage=0.05


Tree=15
num_leaves=8
num_cat=0
split_feature=60 47 60 12 4 2 26
split_gain=14.2863 21.213 21.9163 17.854 17.3879 14.7944 10.2976
threshold=-2549699.3749999995 0.42664441466331487 -2574321.9999999995 692.25000000000011 423232.26562500006 5386.7619628906259 3.4332972764968877
decision_type=2 2 2 2 2 2 2
left_child=1 6 -3 5 -5 -2 -1
right_child=3 2 -4 4 -6 -7 -8
leaf_value=-0.015342778078752273 -0.041466427589373016 -0.0727197663132476 0.052107838362645501 0.035961103723483538 -0.075994106989985044 0.078629743131274923 0.065716983597930143
leaf_weight=4.0654213950037947 16.030717879533771 6.6203599274158478 7.4811753779649717 82.601646453142166 3.5929867625236502 3.0308556556701651 64.778116121888161
leaf_count=19 77 34 20 221 16 6 123
internal_value=0.0338416 0.0494067 -0.0061414 0.0215282 0.0312363 -0.0221084 0.0608575
internal_weight=188.201 82.9451 14.1015 105.256 86.1946 19.0616 68.8435
internal_count=516 196 54 320 237 83 142
is_linear=0
shrinkage=0.05


Tree=16
num_leaves=4
num_cat=0
split_feature=24 52 56
split_gain=15.0184 12.7626 14.3895
threshold=46.500000000000007 4020.607299804688 33.558322906494148
decision_type=2 2 2
left_child=1 -1 -3
right_child=-2 2 -4
leaf_value=-0.069373287816184612 -0.0598477327940675 0.0088451938183065869 0.043147159445379141
leaf_weight=2.9013077467679969 4.3174785673618308 39.392811194062233 142.84368216991425
leaf_count=15 37 130 334
internal_value=0.0319182 0.0340852 0.0357598
internal_weight=189.455 185.138 182.236
internal_count=516 479 464
is_linear=0
shrinkage=0.05


Tree=17
num_leaves=5
num_cat=0
split_feature=24 22 53 22
split_gain=13.6724 11.6984 21.6146 13.7135
threshold=46.500000000000007 -22106.434570312496 0.75486582517623912 -11107.364257812498
decision_type=2 2 2 2
left_child=1 2 -1 -3
right_child=-2 3 -4 -5
leaf_value=-0.025686896669023403 -0.059211226785587184 0.07078908692445228 0.045860314780483184 0.031356918900808869
leaf_weight=21.768351428210735 4.1499415561556807 27.56674163043499 20.428827725350857 116.69556185603142
leaf_count=96 37 47 46 290
internal_value=0.0301277 0.0321429 0.00883261 0.0389266
internal_weight=190.609 186.459 42.1972 144.262
internal_count=516 479 142 337
is_linear=0
shrinkage=0.05


Tree=18
num_leaves=7
num_cat=0
split_feature=30 47 58 0 26 33
split_gain=12.1014 11.9519 10.8964 15.8257 12.0739 7.01144
threshold=4075.350708007813 0.23119845241308215 974479.40625000012 5537.5000000000009 1.2007533311843874 0.9770893156528474
decision_type=2 2 2 2 2 2
left_child=1 -1 4 -4 -2 -3
right_child=2 5 3 -5 -6 -7
leaf_value=-0.064839141608227166 -0.055107811037824875 -0.011679567870395421 -0.080771267799478075 0.039830715507431204 0.037145960004050231 0.090189996217306723
leaf_weight=6.6563784778118116 3.582192711532115 4.1041158959269524 5.0959740281105024 5.7828385978937149 163.41726772487164 2.790225438773632
leaf_count=40 38 18 22 13 380 5
internal_value=0.0284896 -0.0168167 0.0319691 -0.0162034 0.0351371 0.0288231
internal_weight=191.429 13.5507 177.878 10.8788 166.999 6.89434
internal_count=516 63 453 35 418 23
is_linear=0
shrinkage=0.05


Tree=19
num_leaves=8
num_cat=0
split_feature=60 53 3 45 59 8 40
split_gain=12.3659 18.1757 19.9264 17.5315 18.5471 12.4343 5.31636
threshold=-2549699.3749999995 0.75486582517623912 -62.194000244140618 -0.73327192664146412 404728.21875000006 1.7588665485382082 0.33698974549770361
decision_type=2 2 2 2 2 2 2
left_child=3 2 -2 6 -5 -3 -1
right_child=1 5 -4 4 -6 -7 -8
leaf_value=0.098930340505765879 -0.041462912548432429 0.081600909688268275 0.01838943336778439 0.044450875734619637 -0.016134392560954631 0.02304179614013142 0.044460284532718414
leaf_weight=14.036776497960092 21.122090898454189 12.761779800057409 40.656865015625954 46.479958709329367 17.203069537878036 32.712501991540194 7.1824712306261054
leaf_count=17 91 21 116 110 53 92 16
internal_value=0.0269496 0.0155893 -0.00199302 0.0412417 0.0280061 0.0395856 0.0807285
internal_weight=192.156 107.253 61.779 84.9023 63.683 45.4743 21.2192
internal_count=516 320 207 196 163 113 33
is_linear=0
shrinkage=0.05


Tree=20
num_leaves=8
num_cat=0
split_feature=60 47 40 45 21 36 27
split_gain=10.9865 17.1162 26.8023 15.0567 18.4595 14.3846 11.5381
threshold=-2549699.3749999995 0.42664441466331487 -1.852668225765228 -0.36819507181644434 5.05299997329712 1.3385427594184878 556.10937500000011
decision_type=2 2 2 2 2 2 2
left_child=1 6 -3 5 -5 -2 -1
right_child=3 2 -4 4 -6 -7 -8
leaf_value=0.056529860576323948 -0.022065422107945598 0.10092105802413645 -0.052380162938362257 0.062250525642159327 0.0056363175274210036 0.03885931522839358 -0.0044981729611718512
leaf_weight=62.371238827705383 35.856313563883305 3.9049548506736746 10.503249030560253 27.037393048405647 31.259986810386181 13.247134953737257 8.6717328280210477
leaf_count=117 129 6 48 52 108 31 25
internal_value=0.0255047 0.03892 -0.010485 0.0147846 0.0319788 -0.00552731 0.0490102
internal_weight=192.852 85.4512 14.4082 107.401 58.2974 49.1034 71.043
internal_count=516 196 54 320 160 160 142
is_linear=0
shrinkage=0.05


Tree=21
num_leaves=7
num_cat=0
split_feature=7 22 27 55 46 10
split_gain=10.9643 17.068 19.9934 10.2661 7.25395 8.8834
threshold=4.3415322303771982 -22106.434570312496 1182.7968750000002 3.3030917644500737 -0.7055910825729369 0.00050150000606663536
decision_type=2 2 2 2 2 2
left_child=1 2 -1 -3 -2 -6
right_child=4 3 -4 -5 5 -7
leaf_value=-0.023984982500385828 0.11909188603519796 0.021459860978883763 0.076131046089764454 0.053736700615635971 0.0806831951176194 -0.019190370967543779
leaf_weight=32.625445082783699 4.6069080829620352 108.7403431981802 5.8745017237961283 32.316574893891811 5.5412298515439016 3.6084551364183426
leaf_count=138 4 280 11 63 8 12
internal_value=0.0241645 0.0208282 -0.00857894 0.02889 0.0673482 0.0407486
internal_weight=193.313 179.557 38.4999 141.057 13.7566 9.14968
internal_count=516 492 149 343 24 20
is_linear=0
shrinkage=0.05


Tree=22
num_leaves=5
num_cat=0
split_feature=26 34 0 47
split_gain=10.5164 10.5183 11.3116 5.47181
threshold=1.2007533311843874 -1.422890245914459 17826.500000000004 0.75790539383888256
decision_type=2 2 2 2
left_child=-1 3 -3 -2
right_child=1 2 -4 -5
leaf_value=-0.055174321911830006 -0.073625098443548517 0.030611147029628562 -0.013851376275938548 0.024225073595457534
leaf_weight=4.1796217411756507 4.0487042069435111 167.88668487966061 15.474879316985605 2.1103806644678116
leaf_count=45 20 384 61 6
internal_value=0.022908 0.0246564 0.0268314 -0.0392854
internal_weight=193.7 189.521 183.362 6.15908
internal_count=516 471 445 26
is_linear=0
shrinkage=0.05


Tree=23
num_leaves=7
num_cat=0
split_feature=54 11 30 28 14 6
split_gain=9.99769 26.4628 9.63822 19.3532 13.1929 9.00912
threshold=-1.9843633770942686 20.175000190734867 4640.7902832031259 25.000000000000004 5126.3000488281259 -534333.84374999988
decision_type=2 2 2 2 2 2
left_child=1 -1 3 -2 -4 -3
right_child=2 5 4 -5 -6 -7
leaf_value=0.057668777270747096 -0.011681781211946728 0.044830926874376814 0.046136368392374803 0.034282212852416963 -0.016453386880004858 -0.073228440611989118
leaf_weight=8.5144422799348849 39.599216904491186 1.8391735702753056 69.693797267973423 53.917541705071926 9.4487453103065473 10.997319534420965
leaf_count=19 138 4 145 124 28 58
internal_value=0.0217201 -0.0103905 0.0257199 0.0147655 0.0386007 -0.0559237
internal_weight=194.01 21.3509 172.659 93.5168 79.1425 12.8365
internal_count=516 81 435 262 173 62
is_linear=0
shrinkage=0.05


Tree=24
num_leaves=5
num_cat=0
split_feature=26 54 34 24
split_gain=9.44184 9.7842 21.8492 15.6681
threshold=1.2007533311843874 1.580289959907532 -1.2531392574310301 4.5000000000000009
decision_type=2 2 2 2
left_child=-1 2 -2 -3
right_child=1 3 -4 -5
leaf_value=-0.054854822299520635 -0.072150386087601062 0.00056417688445034727 0.018831085728833585 0.052511569181659626
leaf_weight=4.0218266025185576 6.9890388548374167 20.867059767246246 113.17821476608515 49.202519699931145
leaf_count=45 35 55 295 86
internal_value=0.0206007 0.0222222 0.0134979 0.0371127
internal_weight=194.259 190.237 120.167 70.0696
internal_count=516 471 330 141
is_linear=0
shrinkage=0.05


Tree=25
num_leaves=7
num_cat=0
split_feature=7 22 27 60 46 10
split_gain=9.48641 14.6466 17.2363 13.1896 6.55514 7.69244
threshold=4.3415322303771982 -22106.434570312496 1182.7968750000002 -2507540.7499999995 -0.7055910825729369 0.00050150000606663536
decision_type=2 2 2 2 2 2
left_child=1 2 -1 -3 -2 -6
right_child=4 3 -4 -5 5 -7
leaf_value=-0.025253614704699969 0.10805938323527242 0.029796577577154915 0.066903416851844644 -0.015398048120281272 0.071121303030748859 -0.021685672603428151
leaf_weight=32.538219917565584 4.6983245611190787 123.44887102022767 5.993098158389329 18.417446404695511 5.5886406823992711 3.6087166219949722
leaf_count=138 4 287 11 56 8 12
internal_value=0.0195628 0.0164582 -0.0107899 0.0238941 0.0595086 0.0341635
internal_weight=194.293 180.398 38.5313 141.866 13.8957 9.19736
internal_count=516 492 149 343 24 20
is_linear=0
shrinkage=0.05


Tree=26
num_leaves=6
num_cat=0
split_feature=30 47 10 59 14
split_gain=9.21038 10.3856 10.0576 10.4905 6.56069
threshold=4075.350708007813 0.23119845241308215 -0.0025799999712035056 642367.15625000012 4062.400024414063
decision_type=2 2 2 2 2
left_child=1 -1 -2 -4 -3
right_child=2 4 3 -5 -6
leaf_value=-0.065658622098540648 -0.068828272882725652 0.077338479105590122 0.02781555833658212 -0.0083545789892502977 -0.0192734517783534
leaf_weight=6.6676364727318269 2.9965765476226798 3.0047506913542747 154.8219282887876 22.794879168272018 4.1028984934091568
leaf_count=40 16 7 373 64 16
internal_value=0.0185725 -0.0206516 0.0215918 0.0231454 0.0208657
internal_weight=194.389 13.7753 180.613 177.617 7.10765
internal_count=516 63 453 437 23
is_linear=0
shrinkage=0.05


Tree=27
num_leaves=8
num_cat=0
split_feature=26 26 4 35 31 4 18
split_gain=8.50198 21.2969 16.3478 14.454 16.7507 15.4675 7.80155
threshold=8.5350255966186541 7.3860735893249521 1.0000000180025095e-35 -0.52489840984344471 -3.9265185594558711 1.0000000180025095e-35 2.1480000019073491
decision_type=2 2 2 2 2 2 2
left_child=1 2 -1 5 -5 -2 -3
right_child=3 6 -4 4 -6 -7 -8
leaf_value=0.0079652190470187612 0.053676849440907726 -0.080632396037047027 0.080251284451816826 -0.085861235433223201 0.014779293802478942 -0.0019887962498487395 -0.0039634845464979595
leaf_weight=64.184378147125244 53.149290293455124 8.4482547342777234 8.9487323909997922 4.7184144556522361 33.269395411014557 16.084600791335106 5.6982556954026213
leaf_count=210 93 38 10 20 83 44 18
internal_value=0.0176249 0.00596476 0.0168787 0.0270698 0.00214725 0.0406722 -0.0501034
internal_weight=194.501 87.2796 73.1331 107.222 37.9878 69.2339 14.1465
internal_count=516 276 220 240 103 137 56
is_linear=0
shrinkage=0.05


Tree=28
num_leaves=8
num_cat=0
split_feature=60 45 36 53 3 59 8
split_gain=8.57944 13.6309 17.806 13.3818 15.6249 10.9649 3.82157
threshold=-2549699.3749999995 -0.73327192664146412 -0.79914557933807362 0.75486582517623912 -62.194000244140618 193264.39843750003 1.8748999834060671
decision_type=2 2 2 2 2 2 2
left_child=1 6 -3 4 -2 -5 -1
right_child=3 2 -4 5 -6 -7 -8
leaf_value=0.032704149230479145 -0.042935046042776814 -0.033579314571912919 0.030598068805511955 -0.0014789335821807101 0.009989998764130651 0.048011922397395622 0.078651026949697361
leaf_weight=7.3303100913763073 20.951545864343643 13.645106475800274 51.037076458334923 18.643416453152895 41.457972031086683 27.298782289028168 14.11101348698139
leaf_count=16 91 50 113 67 116 46 17
internal_value=0.0167411 0.0285406 0.0169822 0.00731603 -0.00769739 0.0278196 0.063176
internal_weight=194.475 86.1235 64.6822 108.352 62.4095 45.9422 21.4413
internal_count=516 196 163 320 207 113 33
is_linear=0
shrinkage=0.05


Tree=29
num_leaves=7
num_cat=0
split_feature=7 21 33 55 46 10
split_gain=8.26896 10.4598 19.8864 10.3671 5.44432 6.6595
threshold=4.3415322303771982 5.05299997329712 0.76113691926002514 -5.4381775856018058 -0.7055910825729369 0.00050150000606663536
decision_type=2 2 2 2 2 2
left_child=1 3 -3 -1 -2 -6
right_child=4 2 -4 -5 5 -7
leaf_value=0.10295727239970523 0.097358116566406125 -0.031247146278400795 0.043109658734423809 0.017416222216731142 0.064433257123237414 -0.022070773523832948
leaf_weight=3.6665016636252394 4.7173174619674674 29.59791200235486 12.883651178330181 134.11877516657114 5.5718528032302839 3.5932067334651947
leaf_count=4 4 127 31 330 8 12
internal_value=0.0159304 0.0130301 -0.00857879 0.0197288 0.0532313 0.0299734
internal_weight=194.149 180.267 42.4816 137.785 13.8824 9.16506
internal_count=516 492 158 334 24 20
is_linear=0
shrinkage=0.05


Tree=30
num_leaves=6
num_cat=0
split_feature=26 40 60 54 12
split_gain=8.36935 8.60083 26.7106 20.4359 6.66201
threshold=1.3400355577468874 -0.3251663446426391 -2603470.2499999995 -1.6597265005111692 21044.029296875004
decision_type=2 2 2 2 2
left_child=4 2 -2 -3 -1
right_child=1 3 -4 -5 -6
leaf_value=-0.062302580967400635 -0.086647406486910744 -0.025166815789398764 0.013843619849288745 0.034913070705941462 0.064058179550641997
leaf_weight=5.6436467766761771 7.3175107985734931 16.528641015291214 68.205395594239235 95.126293398439884 1.2428996264934538
leaf_count=52 31 61 174 196 2
internal_value=0.0151411 0.0171513 0.00404071 0.0259745 -0.0387706
internal_weight=194.064 187.178 75.5229 111.655 6.88655
internal_count=516 462 205 257 54
is_linear=0
shrinkage=0.05


Tree=31
num_leaves=8
num_cat=0
split_feature=60 45 47 40 17 43 27
split_gain=7.89412 13.0395 12.6483 22.8219 11.2465 11.0792 9.37905
threshold=-2549699.3749999995 -0.36819507181644434 0.42664441466331487 -1.852668225765228 8.4250001907348651 23169.435546875004 556.10937500000011
decision_type=2 2 2 2 2 2 2
left_child=2 5 6 -4 -3 -2 -1
right_child=1 4 3 -5 -6 -7 -8
leaf_value=0.041215976235029914 0.0027418879171670343 0.048569096867169669 0.084581827830170958 -0.055654000739346468 0.0035499599898556043 -0.04770813872210284 -0.013667393747610258
leaf_weight=62.547560185194016 33.438633255660534 23.039958268404007 3.9943334013223639 10.487567368894814 35.53808905929327 16.016085132956505 8.7418542951345426
leaf_count=117 105 42 6 48 118 55 25
internal_value=0.0143982 0.00534816 0.0257388 -0.0166295 0.0213423 -0.0134954 0.0344158
internal_weight=193.804 108.033 85.7713 14.4819 58.578 49.4547 71.2894
internal_count=516 320 196 54 160 160 142
is_linear=0
shrinkage=0.05


Tree=32
num_leaves=6
num_cat=0
split_feature=58 0 0 54 49
split_gain=7.58494 12.4686 10.7789 14.7289 7.53113
threshold=974479.40625000012 5537.5000000000009 3756.0000000000005 1.580289959907532 -0.65494269132614125
decision_type=2 2 2 2 2
left_child=2 -2 4 -4 -1
right_child=1 -3 3 -5 -6
leaf_value=0.078699147338382347 -0.083637772761017415 0.022488126412619217 -0.0019475126515565737 0.029031240228649592 0.023207283263037823
leaf_weight=10.590184278786184 5.1281743049621564 5.9022803455591202 90.195173181593418 66.42363341525197 15.33100041002035
leaf_count=13 22 13 282 153 33
internal_value=0.013694 -0.0263976 0.016144 0.011159 0.0460716
internal_weight=193.57 11.0305 182.54 156.619 25.9212
internal_count=516 35 481 435 46
is_linear=0
shrinkage=0.05


Tree=33
num_leaves=6
num_cat=0
split_feature=26 9 46 58 12
split_gain=7.56464 9.15551 19.1527 10.464 6.06381
threshold=1.3400355577468874 65276.500000000007 -0.61095371842384327 974479.40625000012 21044.029296875004
decision_type=2 2 2 2 2
left_child=4 3 -3 -2 -1
right_child=1 2 -4 -5 -6
leaf_value=-0.06176641754094149 0.020894464491382693 0.052333100098222486 -0.071528480268892039 -0.034175973988333462 0.059691626243784025
leaf_weight=5.4951105639338484 164.38331034034491 4.9518031924962989 8.3227219730615598 9.0373825430870038 1.2239605858922002
leaf_count=52 376 10 45 31 2
internal_value=0.0130203 0.0149156 -0.0249477 0.0179958 -0.0388972
internal_weight=193.414 186.695 13.2745 173.421 6.71907
internal_count=516 462 55 407 54
is_linear=0
shrinkage=0.05


Tree=34
num_leaves=5
num_cat=0
split_feature=50 56 49 40
split_gain=7.80581 8.1034 20.6267 15.965
threshold=4029.1523437500005 33.558322906494148 -0.56418210268020619 -0.81992870569229115
decision_type=2 2 2 2
left_child=-1 2 -2 -3
right_child=1 3 -4 -5
leaf_value=-0.069349879977775863 0.031124387525759967 -0.0076369820786007488 -0.039750447890412793 0.029073226104386368
leaf_weight=2.8573924526572219 19.556077025830746 40.458442412316799 21.556077301502228 108.57364159077406
leaf_count=18 50 127 86 235
internal_value=0.0123898 0.0136444 -0.00591535 0.0190738
internal_weight=193.002 190.144 41.1122 149.032
internal_count=516 498 136 362
is_linear=0
shrinkage=0.05


Tree=35
num_leaves=5
num_cat=0
split_feature=50 56 49 40
split_gain=7.21339 7.31112 18.7047 14.4114
threshold=4029.1523437500005 33.558322906494148 -0.56418210268020619 -0.81992870569229115
decision_type=2 2 2 2
left_child=-1 2 -2 -3
right_child=1 3 -4 -5
leaf_value=-0.068063253816677119 0.029442457994845475 -0.0072600769727104251 -0.038123865560977827 0.027622757159420103
leaf_weight=2.7681048437952986 19.637394480407238 40.431591656059027 21.357129789888859 108.56124752387404
leaf_count=18 50 127 86 235
internal_value=0.0117806 0.0129702 -0.00563595 0.0181232
internal_weight=192.755 189.987 40.9945 148.993
internal_count=516 498 136 362
is_linear=0
shrinkage=0.05


Tree=36
num_leaves=8
num_cat=0
split_feature=60 59 46 4 45 36 40
split_gain=7.16014 12.333 17.7189 17.467 11.6775 15.5302 4.19185
threshold=-2549699.3749999995 213545.26562500003 -0.55323398113250721 250926.10937500003 -0.73327192664146412 -0.79914557933807362 0.33698974549770361
decision_type=2 2 2 2 2 2 2
left_child=4 2 -2 -3 6 -6 -1
right_child=1 3 -4 -5 5 -7 -8
leaf_value=0.070853341507633311 0.016997625135970106 0.03088202469725862 -0.037279893586189432 -0.080556131229607517 -0.036086979864294086 0.024173253297166755 0.022391600695564857
leaf_weight=13.778128109872343 27.676687706261873 43.352334097027779 32.721271298825741 3.8059021681547156 13.51364518329501 50.49275590851903 7.1197172328829756
leaf_count=17 77 89 137 17 50 113 16
internal_value=0.0112042 0.00258294 -0.012325 0.0217824 0.0220667 0.0113724 0.0545821
internal_weight=192.46 107.556 60.398 47.1582 84.9042 64.0064 20.8978
internal_count=516 320 214 106 196 163 33
is_linear=0
shrinkage=0.05


Tree=37
num_leaves=7
num_cat=0
split_feature=7 22 27 60 46 10
split_gain=7.00838 10.7556 13.8626 10.5935 4.80767 5.61829
threshold=4.3415322303771982 -22106.434570312496 1182.7968750000002 -2507540.7499999995 -0.7055910825729369 0.00050150000606663536
decision_type=2 2 2 2 2 2
left_child=1 2 -1 -3 -2 -6
right_child=4 3 -4 -5 5 -7
leaf_value=-0.028614654630988778 0.087479389176822797 0.019761072988910462 0.054158959858628952 -0.020935294277202754 0.055777743331107091 -0.02412675703345191
leaf_weight=32.107280928641558 4.579570770263671 121.94948221370578 5.9722022973000994 18.288684424012899 5.4322277233004552 3.5935221612453461
leaf_count=138 4 287 11 56 8 12
internal_value=0.0106741 0.0080008 -0.0155015 0.0144181 0.0453437 0.0234105
internal_weight=191.923 178.318 38.0795 140.238 13.6053 9.02575
internal_count=516 492 149 343 24 20
is_linear=0
shrinkage=0.05


Tree=38
num_leaves=6
num_cat=0
split_feature=26 9 46 40 12
split_gain=6.68949 7.69531 16.5815 9.1471 5.15967
threshold=1.3400355577468874 65276.500000000007 -0.61095371842384327 2.9487746953964238 21044.029296875004
decision_type=2 2 2 2 2
left_child=4 3 -3 -2 -1
right_child=1 2 -4 -5 -6
leaf_value=-0.061290525189529148 0.016888913463832284 0.04605581156273638 -0.07012329907582586 -0.047322835046928136 0.053500514398918876
leaf_weight=5.2640386633574954 166.47015338391066 4.9521753489971161 7.9567485675215703 5.6990650594234458 1.156812250614166
leaf_count=52 386 10 45 21 2
internal_value=0.0101629 0.0119243 -0.0251669 0.0147344 -0.0398305
internal_weight=191.499 185.078 12.9089 172.169 6.42085
internal_count=516 462 55 407 54
is_linear=0
shrinkage=0.05


Tree=39
num_leaves=7
num_cat=0
split_feature=58 41 0 53 56 3
split_gain=6.27837 11.2048 9.44362 13.1102 12.5236 4.04326
threshold=974479.40625000012 2.2144458293914799 3756.0000000000005 0.75486582517623912 30.902988433837894 22.326500892639164
decision_type=2 2 2 2 2 2
left_child=2 5 4 -4 -1 -2
right_child=1 -3 3 -5 -6 -7
leaf_value=-0.02003504717433555 -0.083883285536005145 0.053025212154642058 -0.0059023835805354459 0.02333651499265223 0.060286843787722859 -0.0037389464629336202
leaf_weight=6.3801606148481396 5.3280344605445844 3.0557967573404312 85.051954321563244 69.521282222121954 19.228587046265602 2.4235066324472427
leaf_count=20 23 5 272 163 26 7
internal_value=0.00967499 -0.0272 0.0119145 0.00721584 0.0400802 -0.0594713
internal_weight=190.989 10.8073 180.182 154.573 25.6087 7.75154
internal_count=516 35 481 435 46 30
is_linear=0
shrinkage=0.05


Tree=40
num_leaves=6
num_cat=0
split_feature=34 38 19 7 2
split_gain=6.76115 7.20338 22.6995 12.7151 4.28759
threshold=-1.422890245914459 1.4190450906753542 1.0000000180025095e-35 4.16204857826233 2078.7300415039067
decision_type=2 2 2 2 2
left_child=4 3 -3 -2 -1
right_child=1 2 -4 -5 -6
leaf_value=-0.073744080679133434 0.011183309121092458 -0.099954269585205868 0.0082050576384269363 0.062961259863883831 0.014891253740906794
leaf_weight=3.9270559325814238 135.97655384242535 5.780011221766471 29.876702547073364 13.059984333813189 1.9627272039651869
leaf_count=21 365 24 80 20 6
internal_value=0.00920845 0.0109118 -0.00918752 0.0157541 -0.0433581
internal_weight=190.583 184.693 35.6567 149.037 5.88978
internal_count=516 489 104 385 27
is_linear=0
shrinkage=0.05


Tree=41
num_leaves=6
num_cat=0
split_feature=34 0 28 38 2
split_gain=6.17392 7.24236 15.8156 9.54078 4.02966
threshold=-1.422890245914459 17826.500000000004 2103.3750000000005 1.4190450906753542 2078.7300415039067
decision_type=2 2 2 2 2
left_child=4 3 -3 -2 -1
right_child=1 2 -4 -5 -6
leaf_value=-0.072119785452542468 0.019026252906293659 -0.043531264150658618 0.09617087880754796 -0.011673088822753915 0.014129586507762561
leaf_weight=3.8175088204443446 138.18844570592046 13.288243960589169 2.3745166063308707 30.769625999033451 1.9650420248508451
leaf_count=21 333 65 2 89 6
internal_value=0.00875712 0.0103723 -0.0220328 0.0134059 -0.0419456
internal_weight=190.403 184.621 15.6628 168.958 5.78255
internal_count=516 489 67 422 27
is_linear=0
shrinkage=0.05


Tree=42
num_leaves=7
num_cat=0
split_feature=59 14 59 48 45 44
split_gain=6.11682 16.4145 15.4102 8.18301 20.328 10.0486
threshold=642367.15625000012 4555.6000976562509 906359.75000000012 -0.60380053520202626 -0.53086337447166432 499571.06250000006
decision_type=2 2 2 2 2 2
left_child=3 -2 -3 4 -1 -5
right_child=1 2 -4 5 -6 -7
leaf_value=0.0072184360538243694 -0.085978895917667095 -0.053636960209033357 0.047251563837328016 0.011026045722412919 -0.08604042165783192 0.04647712341995322
leaf_weight=43.714650493115187 6.1241556555032757 5.9667095392942455 10.27803975343704 91.415550231933594 6.7368741407990447 25.829095467925072
leaf_count=118 26 21 17 259 31 44
internal_value=0.00833078 -0.0161354 0.00988734 0.0116241 -0.00513547 0.0188786
internal_weight=190.065 22.3689 16.2447 167.696 50.4515 117.245
internal_count=516 64 38 452 149 303
is_linear=0
shrinkage=0.05


Tree=43
num_leaves=6
num_cat=0
split_feature=26 58 0 0 27
split_gain=6.18667 6.38577 10.6229 8.28746 4.2375
threshold=1.3400355577468874 974479.40625000012 5537.5000000000009 3756.0000000000005 396.54687500000006
decision_type=2 2 2 2 2
left_child=4 3 -3 -2 -1
right_child=1 2 -4 -5 -6
leaf_value=-0.06123539279341992 0.038666816604115008 -0.081173652990290196 0.018298916124923018 0.0074170148958898497 0.040994964819034627
leaf_weight=5.0625598542392245 24.937922790646553 4.9919542372226697 5.6742779165506363 147.83807180076838 1.2064431384205816
leaf_count=50 43 22 13 384 4
internal_value=0.00792708 0.00961832 -0.0277869 0.0119564 -0.040764
internal_weight=189.711 183.442 10.6662 172.776 6.269
internal_count=516 462 35 427 54
is_linear=0
shrinkage=0.05


Tree=44
num_leaves=6
num_cat=0
split_feature=26 59 15 58 7
split_gain=5.71381 6.28506 15.1569 7.77539 4.0472
threshold=1.3400355577468874 642367.15625000012 4555.6999511718759 915349.37500000012 4.9742875099182138
decision_type=2 2 2 2 2
left_child=4 3 -3 -2 -1
right_child=1 2 -4 -5 -6
leaf_value=-0.060469857933627781 0.0147142557383189 -0.083372771343986921 0.0093141365698107756 -0.044902440784174158 0.040973802097415815
leaf_weight=4.8907193951308718 155.45842950046062 6.0379560887813595 16.115813538432121 5.6305466145277014 1.1695944890379903
leaf_count=51 377 26 38 21 3
internal_value=0.00754618 0.00914816 -0.0157218 0.0125994 -0.040067
internal_weight=189.303 183.243 22.1538 161.089 6.06031
internal_count=516 462 64 398 54
is_linear=0
shrinkage=0.05


Tree=45
num_leaves=8
num_cat=0
split_feature=22 46 36 27 22 60 40
split_gain=5.95714 14.2882 16.6997 13.4253 10.3001 10.9202 7.48368
threshold=-22106.434570312496 -0.4708219170570373 -0.83202737569808949 -1324.7187499999998 -11107.364257812498 -2549699.3749999995 -1.3930985331535337
decision_type=2 2 2 2 2 2 2
left_child=1 2 -1 -3 6 -6 -2
right_child=4 3 -4 -5 5 -7 -8
leaf_value=-0.070210489102527016 0.074522066645486593 0.018055741381312912 0.034208956536156708 -0.073647670850483099 0.020208642682277855 -0.01019231307602006 0.019601664213945644
leaf_weight=4.6713707745075252 9.9329058080911654 5.8570856153965023 20.81849305331707 12.031786806881426 61.456897355616093 56.651874456554651 17.482180193066597
leaf_count=24 11 16 46 73 132 177 37
internal_value=0.00717983 -0.00901731 0.0148765 -0.0433431 0.0120423 0.00558423 0.0396825
internal_weight=188.903 43.3787 25.4899 17.8889 145.524 118.109 27.4151
internal_count=516 159 70 89 357 309 48
is_linear=0
shrinkage=0.05


Tree=46
num_leaves=8
num_cat=0
split_feature=54 42 54 26 49 40 12
split_gain=5.55102 15.7998 13.8963 10.1367 13.4445 8.24942 6.27633
threshold=1.580289959907532 0.00069264500052668165 1.0823770165443423 2.7989153861999516 -0.95370343327522267 2.4997601509094243 13884.745117187502
decision_type=2 2 2 2 2 2 2
left_child=1 2 -1 5 -5 -2 -3
right_child=3 6 -4 4 -6 -7 -8
leaf_value=-0.0022226049662700006 -0.075349055811053944 0.061610239885566825 -0.064553026930905075 -0.089714071870391598 0.029987547195049254 0.027149528685165077 0.0098640007010124056
leaf_weight=85.037887927144766 4.8869997113943082 12.281936679035427 10.021213129162787 2.4245900362730017 58.552776232361794 3.1900736317038536 11.71546398103237
leaf_count=261 40 18 41 10 111 7 28
internal_value=0.00684735 0.000263313 -0.00884613 0.0181265 0.025146 -0.0342478 0.0365562
internal_weight=188.111 119.057 95.0591 69.0544 60.9774 8.07707 23.9974
internal_count=516 348 302 168 121 47 46
is_linear=0
shrinkage=0.05


Tree=47
num_leaves=4
num_cat=0
split_feature=52 10 55
split_gain=6.8562 6.62779 7.54561
threshold=4020.607299804688 -0.0025799999712035056 -5.4381775856018058
decision_type=2 2 2
left_child=-1 -2 -3
right_child=1 2 -4
leaf_value=-0.069533502319202148 -0.068168620618660178 0.078310880160701923 0.0074228124742046625
leaf_weight=2.9038516320288172 2.8157150149345389 3.8534518815577021 177.86544300243258
leaf_count=18 16 6 476
internal_value=0.00652572 0.00774969 0.00895355
internal_weight=187.438 184.535 181.719
internal_count=516 498 482
is_linear=0
shrinkage=0.05


Tree=48
num_leaves=5
num_cat=0
split_feature=52 56 49 6
split_gain=6.35892 6.10271 16.0493 11.1245
threshold=4020.607299804688 33.558322906494148 -0.56418210268020619 -16421.635742187496
decision_type=2 2 2 2
left_child=-1 2 -2 -3
right_child=1 3 -4 -5
leaf_value=-0.068216384937190302 0.022904193298323966 0.0080032324562357027 -0.040238290099665668 0.058857661609564162
leaf_weight=2.8142003696411839 19.316131241619587 132.4385218732059 20.901958685368299 11.759964093565939
leaf_count=18 50 347 86 15
internal_value=0.0062035 0.00736627 -0.0097876 0.0121853
internal_weight=187.231 184.417 40.2181 144.198
internal_count=516 498 136 362
is_linear=0
shrinkage=0.05


Tree=49
num_leaves=6
num_cat=0
split_feature=34 38 60 43 22
split_gain=5.2977 6.24889 13.7893 12.4535 4.09298
threshold=-1.422890245914459 -0.65309953689575184 -2504576.4999999995 220044.50000000003 -72876.234374999985
decision_type=2 2 2 2 2
left_child=4 3 -3 -2 -1
right_child=1 2 -4 -5 -6
leaf_value=0.016674564593933128 0.032727945425863075 0.0075613382791600795 -0.041435203444641279 -0.019142973734725351 -0.072335451196687328
leaf_weight=1.8523576781153677 47.714596007019281 101.63615739159286 16.719156876206398 15.145360872149466 3.7331259548664084
leaf_count=7 112 269 61 47 20
internal_value=0.00590612 0.00740786 0.000597723 0.0201507 -0.0419212
internal_weight=186.801 181.215 118.355 62.86 5.58548
internal_count=516 489 330 159 27
is_linear=0
shrinkage=0.05


Tree=50
num_leaves=8
num_cat=0
split_feature=54 10 22 24 24 40 12
split_gain=5.16265 14.0039 14.7871 13.8814 18.244 8.53625 0.00526921
threshold=1.580289959907532 0.00063691000104881834 30166.039062500004 31.500000000000004 4.5000000000000009 0.90173169970512401 14341.040039062502
decision_type=2 2 2 2 2 2 2
left_child=1 2 -1 4 -2 -3 -5
right_child=3 5 -4 6 -6 -7 -8
leaf_value=-0.0043955689100680642 -0.01675525479647277 0.058764715555677194 -0.079893546528478812 -0.062737751279040063 0.04027814866134545 0.0034808182290563591 -0.091487884976656109
leaf_weight=82.779371906071901 20.422768592834473 13.476209133863451 7.0583445355296126 2.361119300127029 44.050577126443386 14.916956622153519 1.5020006373524664
leaf_count=253 58 21 35 22 79 39 9
internal_value=0.00561519 -0.00066759 -0.0103829 0.0165584 0.0221345 0.0298962 -0.0752102
internal_weight=186.567 118.231 89.8377 68.3365 64.4733 28.3932 3.86312
internal_count=516 348 288 168 137 60 31
is_linear=0
shrinkage=0.05


Tree=51
num_leaves=5
num_cat=0
split_feature=52 7 9 38
split_gain=5.97687 5.8256 10.2583 7.78846
threshold=4020.607299804688 3.8924748897552495 65276.500000000007 1.4190450906753542
decision_type=2 2 2 2
left_child=-1 2 -2 -3
right_child=1 3 -4 -5
leaf_value=-0.067825189348805145 0.0054813853335949382 0.048007861453286567 -0.065602128913715196 -0.019808338041251265
leaf_weight=2.7375409975647917 155.85643896833062 16.456445302814249 5.2396524064242831 5.5798035264015189
leaf_count=18 415 34 32 17
internal_value=0.00535006 0.00647122 0.00313836 0.0306092
internal_weight=185.87 183.132 161.096 22.0362
internal_count=516 498 447 51
is_linear=0
shrinkage=0.05


Tree=52
num_leaves=8
num_cat=0
split_feature=22 46 36 49 22 9 60
split_gain=5.31935 12.599 14.7429 11.8059 9.37938 11.0035 9.37587
threshold=-22106.434570312496 -0.4708219170570373 -0.83202737569808949 1.0927696824073794 -11107.364257812498 37082.484375000007 -2549699.3749999995
decision_type=2 2 2 2 2 2 2
left_child=1 2 -1 -3 5 -2 -6
right_child=4 3 -4 -5 6 -7 -8
leaf_value=-0.069140397779455978 -0.047635269235891092 -0.07479027829264806 0.030149056733878483 0.010610046177465499 0.017180364927325994 0.048467671671297216 -0.011232789962632972
leaf_weight=4.5492193251848247 3.3573297858238247 10.95645869523287 20.602452658116817 6.2681683376431456 60.407236639410257 23.592197757214308 55.743044700473547
leaf_count=24 11 67 46 22 132 37 177
internal_value=0.00508895 -0.0104143 0.0119916 -0.0434222 0.0097149 0.0363098 0.00350123
internal_weight=185.476 42.3763 25.1517 17.2246 143.1 26.9495 116.15
internal_count=516 159 70 89 357 48 309
is_linear=0
shrinkage=0.05


Tree=53
num_leaves=7
num_cat=0
split_feature=59 14 13 48 45 44
split_gain=4.93205 12.8301 18.9121 6.651 17.2925 8.22897
threshold=642367.15625000012 4555.6000976562509 25709.330078125004 -0.60380053520202626 -0.53086337447166432 499571.06250000006
decision_type=2 2 2 2 2 2
left_child=3 -2 -3 4 -1 -5
right_child=1 2 -4 5 -6 -7
leaf_value=0.0040105954230107658 -0.080887352577847071 -0.087974904889160779 0.037728955222527533 0.0072939544254821262 -0.083462363350881461 0.039857297056515459
leaf_weight=42.672793015837669 5.8399238437414196 4.0011011660099021 11.808415517210959 88.788167543709278 6.499233402311801 25.049942329525948
leaf_count=118 26 17 21 259 31 44
internal_value=0.00485157 -0.0174994 0.00559933 0.00785069 -0.00744932 0.0145034
internal_weight=184.66 21.6494 15.8095 163.01 49.172 113.838
internal_count=516 64 38 452 149 303
is_linear=0
shrinkage=0.05


Tree=54
num_leaves=5
num_cat=0
split_feature=26 55 53 27
split_gain=5.01146 5.82973 11.8007 3.21074
threshold=1.3400355577468874 -5.4381775856018058 -1.4148300886154173 396.54687500000006
decision_type=2 2 2 2
left_child=3 -2 -3 -1
right_child=1 2 -4 -5
leaf_value=-0.060439539297179316 0.065442970304773682 -0.053523529851868638 0.0076171124482738266 0.035319729055704151
leaf_weight=4.5381795614957801 4.0574473813176146 8.2714778259396535 166.24367000162601 1.0142957419157026
leaf_count=50 7 37 418 4
internal_value=0.00461995 0.00609897 0.00469058 -0.0420463
internal_weight=184.125 178.573 174.515 5.55248
internal_count=516 462 455 54
is_linear=0
shrinkage=0.05


Tree=55
num_leaves=7
num_cat=0
split_feature=48 53 48 40 34 57
split_gain=4.90518 10.356 6.76554 16.4373 11.3424 4.95393
threshold=1.1559795141220095 0.97912073135375988 -0.60380053520202626 1.1533434391021731 -1.2531392574310301 7.0631942749023446
decision_type=2 2 2 2 2 2
left_child=2 5 3 -1 -4 -2
right_child=1 -3 4 -5 -6 -7
leaf_value=0.0084701530908622286 0.013688067428818673 0.023864529201028946 -0.050408125255391484 -0.052414812329274411 0.018481925406476422 -0.075098558121903011
leaf_weight=44.611386846750975 1.8805802613496796 6.9460798036307088 6.312820002436637 14.719310633838175 101.87649916857481 7.3876008316874504
leaf_count=119 6 18 31 56 246 40
internal_value=0.00439613 -0.021789 0.00696043 -0.00655048 0.014416 -0.0565436
internal_weight=183.734 16.2143 167.52 59.3307 108.189 9.26818
internal_count=516 64 452 175 277 46
is_linear=0
shrinkage=0.05


Tree=56
num_leaves=7
num_cat=0
split_feature=40 60 60 54 46 57
split_gain=4.91649 20.029 14.7523 14.5936 16.3031 9.59547
threshold=-0.3251663446426391 -2603470.2499999995 -2504576.4999999995 -1.6597265005111692 -0.76124918460845936 30.567173004150394
decision_type=2 2 2 2 2 2
left_child=1 -1 -3 4 -2 -5
right_child=3 2 -4 5 -6 -7
leaf_value=-0.084470195368603923 0.051188766369686944 0.013343545634098048 -0.049283632825547825 0.047794636788172043 -0.061441587323272276 0.0097089360013114488
leaf_weight=7.277337670326232 4.2998443692922619 56.155361538752913 11.283964421600102 21.873690016567707 12.322373965755103 70.029711361974478
leaf_count=33 8 156 45 39 64 171
internal_value=0.00418482 -0.0056416 0.00279061 0.0109961 -0.0320055 0.018828
internal_weight=183.242 74.7167 67.4393 108.526 16.6222 91.9034
internal_count=516 234 201 282 72 210
is_linear=0
shrinkage=0.05


Tree=57
num_leaves=5
num_cat=0
split_feature=3 3 3 7
split_gain=4.83128 9.38061 7.34978 5.77275
threshold=-2263.474487304687 -738.24551391601551 -1145.5570068359373 3.8924748897552495
decision_type=2 2 2 2
left_child=-1 2 -2 -3
right_child=1 3 -4 -5
leaf_value=0.049825930816727516 -0.002498930061571418 0.0021188404011949304 -0.08309753071521235 0.031029527165418919
leaf_weight=5.5841026008129111 6.138064906001091 145.70016430318356 5.4654749110341054 19.673747386783361
leaf_count=9 18 415 27 47
internal_value=0.0039872 0.00251262 -0.0408932 0.00558844
internal_weight=182.562 176.977 11.6035 165.374
internal_count=516 507 45 462
is_linear=0
shrinkage=0.05


Tree=58
num_leaves=5
num_cat=0
split_feature=33 38 17 7
split_gain=4.6815 5.34056 16.8626 10.6498
threshold=-1.4713928103446958 1.4190450906753542 1.0000000180025095e-35 4.16204857826233
decision_type=2 2 2 2
left_child=-1 3 -3 -2
right_child=1 2 -4 -5
leaf_value=-0.045751130223142741 0.0051722363126084827 -0.095645870998364579 0.0024319824857982671 0.054990111492178195
leaf_weight=4.6270243227481833 133.64797416143119 5.2068591043353072 27.139418845996261 11.707867823541163
leaf_count=18 380 22 77 19
internal_value=0.00379189 0.00511003 -0.0132013 0.00921928
internal_weight=182.329 177.702 32.3463 145.356
internal_count=516 498 99 399
is_linear=0
shrinkage=0.05


Tree=59
num_leaves=5
num_cat=0
split_feature=55 53 40 49
split_gain=5.03097 10.7267 6.99712 6.4164
threshold=-5.4381775856018058 -1.4148300886154173 -2.1826845407485957 -0.95370343327522267
decision_type=2 2 2 2
left_child=-1 3 -3 -2
right_child=1 2 -4 -5
leaf_value=0.058270353774211484 0.037962615348777276 -0.038476498639246209 0.0075155222434745627 -0.072094272354613839
leaf_weight=4.1216646339744321 1.5615518316626547 8.691847972571848 160.56493539921939 7.1409824751317483
leaf_count=9 4 35 427 41
internal_value=0.00360787 0.00231375 0.00512415 -0.0517715
internal_weight=182.081 177.959 169.257 8.70253
internal_count=516 507 462 45
is_linear=0
shrinkage=0.05


Tree=60
num_leaves=7
num_cat=0
split_feature=22 54 53 22 8 60
split_gain=4.81243 11.6478 19.3473 7.97135 10.0166 8.35985
threshold=-22106.434570312496 2.4462261199951176 0.75486582517623912 -11107.364257812498 1.540899991989136 -2549699.3749999995
decision_type=2 2 2 2 2 2
left_child=1 2 -1 4 -2 -5
right_child=3 -3 -4 5 -6 -7
leaf_value=-0.032327695348147507 -0.042180389458937928 -0.082958485780276037 0.041923039264432221 0.015193974983911271 0.045359247770709439 -0.011865185095214774
leaf_weight=21.22253187559545 3.7624428868293789 5.0175208132714024 14.947582326829432 59.088936984539032 22.578322619199753 55.108935941010714
leaf_count=103 12 30 26 132 36 177
internal_value=0.00343197 -0.0115489 -0.00150476 0.007858 0.0326655 0.00209214
internal_weight=181.726 41.1876 36.1701 140.539 26.3408 114.198
internal_count=516 159 129 357 48 309
is_linear=0
shrinkage=0.05


Tree=61
num_leaves=5
num_cat=0
split_feature=26 10 35 7
split_gain=4.62495 5.18896 5.72276 2.50331
threshold=1.3400355577468874 -0.0025799999712035056 -0.39575837552547449 4.9742875099182138
decision_type=2 2 2 2
left_child=3 -2 -3 -1
right_child=1 2 -4 -5
leaf_value=-0.059658615505881564 -0.06548552775454218 0.01428296214324703 -0.0039043805017187718 0.027101669182822998
leaf_weight=4.2768119052052489 2.5848617851734152 92.177900068461895 80.871535502374172 0.94448105990886677
leaf_count=51 16 221 225 3
internal_value=0.00327332 0.00467761 0.00575454 -0.0430069
internal_weight=180.856 175.634 173.049 5.22129
internal_count=516 462 446 54
is_linear=0
shrinkage=0.05


Tree=62
num_leaves=5
num_cat=0
split_feature=55 53 46 14
split_gain=4.6731 9.72272 6.90968 6.48755
threshold=-5.4381775856018058 -1.4148300886154173 -0.76124918460845936 5126.3000488281259
decision_type=2 2 2 2
left_child=-1 2 -2 -3
right_child=1 3 -4 -5
leaf_value=0.056193039320626553 0.050248157804929861 0.0068942669371501279 -0.070864674585381718 -0.036384817981588852
leaf_weight=4.0594618897885075 1.3647061809897421 158.90854569710791 7.0342086814343912 9.1309250444173795
leaf_count=9 4 432 41 30
internal_value=0.00311107 0.00186143 -0.0505902 0.00451281
internal_weight=180.498 176.438 8.39891 168.039
internal_count=516 507 45 462
is_linear=0
shrinkage=0.05


Tree=63
num_leaves=6
num_cat=0
split_feature=23 54 24 54 9
split_gain=4.44483 5.44636 14.2123 13.056 3.84442
threshold=60.500000000000007 1.580289959907532 4.5000000000000009 0.94541046023368847 61091.355468750007
decision_type=2 2 2 2 2
left_child=1 3 -3 -1 -2
right_child=4 2 -4 -5 -6
leaf_value=0.00496309646917098 -0.068688916583966739 -0.018908924423079287 0.031957976502513349 -0.042596235683326503 0.022912471657736563
leaf_weight=94.079969398677349 3.85117008909583 19.8597133718431 43.85916992649436 17.030673198401928 1.5303506590425966
leaf_count=267 30 58 90 62 9
internal_value=0.00295843 0.00436202 0.0160255 -0.00228164 -0.041711
internal_weight=180.211 174.83 63.7189 111.111 5.38152
internal_count=516 477 148 329 39
is_linear=0
shrinkage=0.05


Tree=64
num_leaves=7
num_cat=0
split_feature=58 41 58 38 28 54
split_gain=4.38223 8.90103 6.85617 19.1561 14.5652 2.64653
threshold=974479.40625000012 2.2144458293914799 315143.68750000006 1.2514756321907046 -103.87499999999999 2.5295512676239018
decision_type=2 2 2 2 2 2
left_child=2 5 4 -4 -1 -2
right_child=1 -3 3 -5 -6 -7
leaf_value=-0.032742148373770062 -0.080025550206278689 0.044492341645723722 0.034046743065452155 -0.047089824137914786 0.0080689403628271279 -0.011326457272155451
leaf_weight=28.876851562410593 4.9236130118370038 2.8437204211950302 42.325902491807938 8.7400002032518369 89.818199932575226 2.2135930210351944
leaf_count=122 23 5 79 31 249 7
internal_value=0.00281614 -0.0293122 0.00473455 0.0200622 -0.0018177 -0.0594192
internal_weight=179.742 9.98093 169.761 51.0659 118.695 7.13721
internal_count=516 35 481 110 371 30
is_linear=0
shrinkage=0.05


Tree=65
num_leaves=4
num_cat=0
split_feature=34 52 54
split_gain=4.23033 5.38905 5.31771
threshold=1.4776827096939089 4020.607299804688 1.580289959907532
decision_type=2 2 2
left_child=1 -1 -3
right_child=-2 2 -4
leaf_value=-0.067148539827700346 -0.047721092919044417 -0.0016189744353319942 0.0165905331830761
leaf_weight=2.6210894938558331 4.0541315972805014 109.66810241527855 62.822929233312607
leaf_count=18 14 330 154
internal_value=0.00268045 0.00387588 0.00498412
internal_weight=179.166 175.112 172.491
internal_count=516 502 484
is_linear=0
shrinkage=0.05


Tree=66
num_leaves=7
num_cat=0
split_feature=59 14 6 26 26 17
split_gain=4.23624 11.2755 14.0241 7.23756 12.0812 10.4756
threshold=642367.15625000012 4555.6000976562509 -111389.32812499999 8.7296662330627459 7.3860735893249521 1.0000000180025095e-35
decision_type=2 2 2 2 2 2
left_child=3 -2 -3 4 -1 -5
right_child=1 2 -4 5 -6 -7
leaf_value=0.0039141132396378212 -0.078891843218218002 0.030634478979124476 -0.082121306045406961 -0.028944741722070223 -0.046551339306079499 0.023383507601504427
leaf_weight=64.185504088178277 5.6555500775575664 11.597373202443123 3.6129144430160496 11.042278483510016 14.515526227653025 68.30044749379158
leaf_count=214 26 22 16 34 57 147
internal_value=0.00254545 -0.0185756 0.00352276 0.0053656 -0.00533014 0.0160379
internal_weight=178.91 20.8658 15.2103 158.044 78.701 79.3427
internal_count=516 64 38 452 271 181
is_linear=0
shrinkage=0.05


Tree=67
num_leaves=8
num_cat=0
split_feature=22 46 36 27 22 46 21
split_gain=4.31531 10.7372 12.2164 9.84801 7.15351 9.34032 7.95615
threshold=-22106.434570312496 -0.4708219170570373 -0.83202737569808949 -1324.7187499999998 -11107.364257812498 -0.68845084309577931 1.8934999704360964
decision_type=2 2 2 2 2 2 2
left_child=1 2 -1 -3 5 -2 -6
right_child=4 3 -4 -5 6 -7 -8
leaf_value=-0.067244306275173193 -0.054859690477403661 0.01176129552406141 0.025771134971175481 -0.071136975812783484 0.0057256043021014372 0.040996314340881621 -0.037668142687808354
leaf_weight=4.2833817675709751 2.8148508481681374 5.2232091501355198 19.734765622764826 10.782253989949821 100.70953408256173 23.023230656981468 11.793111633509396
leaf_count=24 11 16 46 73 261 37 48
internal_value=0.00242096 -0.0119937 0.00897464 -0.0437716 0.00662743 0.0303601 0.0011324
internal_weight=178.364 40.0236 24.0181 16.0055 138.341 25.8381 112.503
internal_count=516 159 70 89 357 48 309
is_linear=0
shrinkage=0.05


Tree=68
num_leaves=5
num_cat=0
split_feature=55 54 39 40
split_gain=4.17365 8.68149 7.28807 6.69581
threshold=-5.4381775856018058 -1.9843633770942686 -0.58056399226188649 -0.3251663446426391
decision_type=2 2 2 2
left_child=-1 2 -2 -3
right_child=1 3 -4 -5
leaf_value=0.053120237174881652 0.023999037291542603 -0.0076694441270238334 -0.056101716050373819 0.013162604898168491
leaf_weight=3.9552002102136603 3.7246345672756442 65.38634536229074 11.025343798100945 93.436934892088175
leaf_count=9 13 211 59 224
internal_value=0.0023058 0.00111909 -0.0355359 0.00455473
internal_weight=177.528 173.573 14.75 158.823
internal_count=516 507 72 435
is_linear=0
shrinkage=0.05


Tree=69
num_leaves=5
num_cat=0
split_feature=3 3 3 51
split_gain=4.04112 8.03123 5.96993 5.93817
threshold=-2263.474487304687 -738.24551391601551 -1145.5570068359373 5173.0126953125009
decision_type=2 2 2 2
left_child=-1 2 -2 -3
right_child=1 3 -4 -5
leaf_value=0.045350170707183883 -0.0046820850453873821 0.0053151197793450218 -0.079565225340661974 -0.054115365697231549
leaf_weight=5.2676268666982642 5.7851710692048073 156.58333578146994 5.181801423430441 4.3079956993460646
leaf_count=9 18 445 27 17
internal_value=0.00219415 0.000842279 -0.0405196 0.00369274
internal_weight=177.126 171.858 10.967 160.891
internal_count=516 507 45 462
is_linear=0
shrinkage=0.05


Tree=70
num_leaves=8
num_cat=0
split_feature=60 45 59 60 33 40 23
split_gain=4.03081 10.1728 11.6714 9.45824 12.0437 3.1244 2.92488
threshold=-2549699.3749999995 -0.73327192664146412 404728.21875000006 -2545918.4999999995 -1.1482398509979246 0.33698974549770361 29.500000000000004
decision_type=2 2 2 2 2 2 2
left_child=1 5 -3 6 -5 -1 -2
right_child=3 2 -4 4 -6 -7 -8
leaf_value=0.058066697637534914 -0.079088220566346901 0.013912196619658191 -0.036407735582370752 -0.048792665877692903 0.0065277493168445127 0.014243050829685064 -0.0059387778785967493
leaf_weight=12.064806878566744 5.2654453814029685 42.982626138255 15.741652533411978 11.19917733222246 80.940036427229643 6.6549106687307349 2.0521780475974083
leaf_count=17 24 110 53 53 235 16 8
internal_value=0.00208315 0.0106556 0.000338273 -0.0045417 -0.000141975 0.0427544 -0.0592572
internal_weight=176.901 77.444 58.7243 99.4568 92.1392 18.7197 7.31762
internal_count=516 196 163 320 288 33 32
is_linear=0
shrinkage=0.05


Tree=71
num_leaves=6
num_cat=0
split_feature=26 38 36 59 41
split_gain=4.09888 4.29114 8.62559 8.52787 2.4228
threshold=1.3400355577468874 -0.65309953689575184 -1.4711630940437315 434995.42187500006 -0.68929925560951222
decision_type=2 2 2 2 2
left_child=4 2 -2 -3 -1
right_child=1 3 -4 -5 -6
leaf_value=0.027754123187497495 -0.027461486592432041 0.00460534751738104 0.02272113050651246 -0.029427046699599276 -0.059214194177808432
leaf_weight=0.90839101374149311 10.254754886031149 87.905663162469864 49.908060565590858 23.248626954853535 4.1111251749098292
leaf_count=4 45 226 115 76 50
internal_value=0.00198387 0.00331581 0.0140844 -0.00246776 -0.0424793
internal_weight=176.337 171.317 60.1628 111.154 5.01952
internal_count=516 462 160 302 54
is_linear=0
shrinkage=0.05


Tree=72
num_leaves=8
num_cat=0
split_feature=11 11 42 24 31 42 42
split_gain=3.98401 13.8937 13.9684 10.9254 11.23 10.4098 5.93779
threshold=67.424999237060561 61.364999771118171 0.00019299999985378238 4.5000000000000009 -7.0673274993896475 0.00063691000104881834 0.00062549998983740817
decision_type=2 2 2 2 2 2 2
left_child=1 5 -3 4 -2 -1 -5
right_child=3 2 -4 6 -6 -7 -8
leaf_value=-0.0047766659244658123 0.026504614556801934 0.012695919881781832 -0.089089879390013754 0.039611422337734896 -0.084729690555458648 0.029771207638008806 -0.019547443054138081
leaf_weight=93.632393522188067 4.1961954236030579 5.4204160720109931 8.5866539627313596 25.979964714497331 4.8171182721853238 28.376845125108957 4.9469343349337569
leaf_count=304 9 12 43 45 21 61 21
internal_value=0.00188606 -0.0021586 -0.0493441 0.0157853 -0.0323892 0.00321748 0.029987
internal_weight=175.957 136.016 14.0071 39.9402 9.01331 122.009 30.9269
internal_count=516 420 55 96 30 365 66
is_linear=0
shrinkage=0.05


Tree=73
num_leaves=5
num_cat=0
split_feature=33 0 35 34
split_gain=3.91079 5.02159 8.80208 7.72699
threshold=-1.4713928103446958 17826.500000000004 1.3142015337944033 -1.422890245914459
decision_type=2 2 2 2
left_child=-1 3 -3 -2
right_child=1 2 -4 -5
leaf_value=-0.044450852952188084 -0.069107467993476224 -0.050256476431357625 0.033976162871863128 0.0073645022404837217
leaf_weight=4.4415057636797419 3.3661152943968764 10.312183931469916 4.3635969050228587 152.75406672246754
leaf_count=18 20 61 10 407
internal_value=0.00179704 0.00302898 -0.0248706 0.00568366
internal_weight=175.237 170.796 14.6758 156.12
internal_count=516 498 71 427
is_linear=0
shrinkage=0.05


Tree=74
num_leaves=8
num_cat=0
split_feature=35 20 1 47 24 57 33
split_gain=3.90206 10.1264 9.69471 7.02964 6.90348 6.20307 2.03619
threshold=-0.39575837552547449 763.57705688476574 4387.1960449218759 -1.2152415513992307 8.5000000000000018 9.6119351387023944 -0.65592327713966359
decision_type=2 2 2 2 2 2 2
left_child=3 2 -2 6 -3 -5 -1
right_child=1 4 -4 5 -6 -7 -8
leaf_value=-0.082384498353536117 -0.059480039517836737 0.017548891245010224 0.044234171958494252 -0.030468288622286101 -0.014952560364320326 0.016029915130484608 -0.011943561536930151
leaf_weight=2.4971034154295921 13.331560425460337 35.137765925377607 2.6549846976995459 7.8047665469348422 30.457166315987706 80.827129336073995 2.0602446049451819
leaf_count=12 52 83 5 42 116 197 9
internal_value=0.00170635 -0.00624289 -0.0419428 0.00871908 0.00238153 0.011879 -0.0516373
internal_weight=174.771 81.5815 15.9865 93.1892 65.5949 88.6319 4.55735
internal_count=516 256 57 260 199 239 21
is_linear=0
shrinkage=0.05


Tree=75
num_leaves=4
num_cat=0
split_feature=34 52 53
split_gain=3.81715 4.80514 4.8979
threshold=1.4776827096939089 4020.607299804688 0.75486582517623912
decision_type=2 2 2
left_child=1 -1 -3
right_child=-2 2 -4
leaf_value=-0.066099956342531352 -0.046797184413177206 -0.0027718903363503932 0.014827642418584912
leaf_weight=2.4873087666928759 3.9666361212730399 104.62353977933526 63.220717132091522
leaf_count=18 14 326 158
internal_value=0.00162004 0.00277693 0.00382741
internal_weight=174.298 170.332 167.844
internal_count=516 502 484
is_linear=0
shrinkage=0.05


Tree=76
num_leaves=7
num_cat=0
split_feature=22 54 57 22 46 21
split_gain=3.87852 9.83545 9.98913 6.40704 8.15127 7.10779
threshold=-22106.434570312496 2.4462261199951176 20.761419296264652 -11107.364257812498 -0.68845084309577931 1.8934999704360964
decision_type=2 2 2 2 2 2
left_child=1 2 -1 4 -2 -5
right_child=3 -3 -4 5 -6 -7
leaf_value=-0.064473961163800206 -0.052404952473158753 -0.080263831425245208 0.0089702623781832708 0.0046731300005225266 0.038320277399725676 -0.036871213382029755
leaf_weight=5.5252374261617652 2.7385070696473148 4.6960809752345076 28.35825820825994 98.746006432920694 22.493760176002979 11.491677695885299
leaf_count=42 11 30 87 261 37 48
internal_value=0.00153645 -0.0124102 -0.00285841 0.00554512 0.0282755 0.000297002
internal_weight=174.05 38.5796 33.8835 135.47 25.2323 110.238
internal_count=516 159 129 357 48 309
is_linear=0
shrinkage=0.05


Tree=77
num_leaves=5
num_cat=0
split_feature=52 53 47 2
split_gain=4.30403 4.66233 7.27501 6.6445
threshold=4020.607299804688 2.2012746334075932 -0.34341938793659205 3761.8020019531255
decision_type=2 2 2 2
left_child=-1 2 -2 -3
right_child=1 3 -4 -5
leaf_value=-0.065185354710710769 -0.017041793078234703 -0.0088189707128338152 0.0068350048010734858 0.070231039000277093
leaf_weight=2.3839305723085991 43.911691665649414 4.6832293681800348 116.58147421479225 5.8574122786521912
leaf_count=18 142 21 329 6
internal_value=0.00145991 0.00241807 0.000271046 0.0346346
internal_weight=173.418 171.034 160.493 10.5406
internal_count=516 498 471 27
is_linear=0
shrinkage=0.05


Tree=78
num_leaves=5
num_cat=0
split_feature=55 53 46 14
split_gain=3.69487 7.50887 6.19283 5.75105
threshold=-5.4381775856018058 -1.4148300886154173 -0.76124918460845936 5126.3000488281259
decision_type=2 2 2 2
left_child=-1 2 -2 -3
right_child=1 3 -4 -5
leaf_value=0.050002727083838988 0.049800345498089961 0.0048911030009792505 -0.06840486569305608 -0.036460414207847507
leaf_weight=3.8231819085776797 1.2895031571388242 152.72080184798688 6.4082399345934382 8.8810669928789121
leaf_count=9 4 432 41 30
internal_value=0.00138744 0.000260064 -0.0479539 0.00258763
internal_weight=173.123 169.3 7.69774 161.602
internal_count=516 507 45 462
is_linear=0
shrinkage=0.05


Tree=79
num_leaves=7
num_cat=0
split_feature=48 44 46 48 33 36
split_gain=3.66008 8.96016 7.7515 5.17872 8.57187 7.91031
threshold=1.1559795141220095 552192.21875000012 -0.80560046434402455 -0.60380053520202626 -1.1750895977020261 -0.83202737569808949
decision_type=2 2 2 2 2 2
left_child=3 2 -2 4 -1 -5
right_child=1 -3 -4 5 -6 -7
leaf_value=-0.051177463235574566 0.056574357211917448 0.024790117522026506 -0.073329272560800837 -0.018200764538592717 0.00029294060845751348 0.017142080641877958
leaf_weight=9.7513414137065393 1.3056874573230732 5.9417621940374366 7.6937899049371472 19.475585926324129 46.357153709977865 82.303496215492487
leaf_count=40 2 14 48 75 135 202
internal_value=0.00131864 -0.0222883 -0.0539266 0.00358428 -0.00856321 0.01033
internal_weight=172.829 14.9412 8.99948 157.888 56.1085 101.779
internal_count=516 64 50 452 175 277
is_linear=0
shrinkage=0.05


Tree=80
num_leaves=8
num_cat=0
split_feature=35 20 49 1 47 45 33
split_gain=3.69408 9.22013 11.4869 8.54569 6.19553 5.99948 1.83902
threshold=-0.39575837552547449 763.57705688476574 1.0000000180025095e-35 4387.1960449218759 -1.2152415513992307 -1.0245178937911985 -0.65592327713966359
decision_type=2 2 2 2 2 2 2
left_child=4 3 -3 -2 6 -6 -1
right_child=1 2 -4 -5 5 -7 -8
leaf_value=-0.079167900466760033 -0.05736511852986214 0.016398985073046594 -0.028536843993079403 0.041754949770104702 0.066400866508939685 0.0079262982128436368 -0.011225576462575366
leaf_weight=2.4130597785115242 13.132754795253275 43.739386728033423 21.055007267743349 2.5461607575416556 4.6683575212955466 82.702250529080629 2.0266064479947081
leaf_count=12 52 117 82 5 6 233 9
internal_value=0.00125438 -0.00653147 0.00171987 -0.0409497 0.00813328 0.0111079 -0.04928
internal_weight=172.284 80.4733 64.7944 15.6789 91.8103 87.3706 4.43967
internal_count=516 256 199 57 260 239 21
is_linear=0
shrinkage=0.05


Tree=81
num_leaves=5
num_cat=0
split_feature=52 6 10 33
split_gain=3.9933 4.38631 10.8517 7.50969
threshold=4020.607299804688 -615313.03124999988 0.00057868502335622918 -1.4713928103446958
decision_type=2 2 2 2
left_child=-1 2 -2 -3
right_child=1 3 -4 -5
leaf_value=-0.064092892505205321 -0.018605288755602543 -0.080856112609057604 0.074067619795089121 0.001317850186341194
leaf_weight=2.3059832192957392 5.8402907624840719 2.8311546035110942 6.7126496881246567 154.14372464083135
leaf_count=18 21 15 7 455
internal_value=0.00119275 0.00211028 0.030553 -0.000132364
internal_weight=171.834 169.528 12.5529 156.975
internal_count=516 498 28 470
is_linear=0
shrinkage=0.05


Tree=82
num_leaves=5
num_cat=0
split_feature=52 53 33 41
split_gain=3.73409 4.01938 8.01896 5.54137
threshold=4020.607299804688 2.2012746334075932 -1.4713928103446958 -0.59395626187324513
decision_type=2 2 2 2
left_child=-1 2 -2 -3
right_child=1 3 -4 -5
leaf_value=-0.06313970824670781 -0.078140417694549838 0.063251151130141584 0.0016609606773493085 -0.010462615947499081
leaf_weight=2.225791720673441 3.2128708697855464 6.0287476181983948 155.82701683975756 4.2408794574439508
leaf_count=18 17 7 454 20
internal_value=0.00113205 0.00200651 1.74011e-05 0.0323239
internal_weight=171.535 169.31 159.04 10.2696
internal_count=516 498 471 27
is_linear=0
shrinkage=0.05


Tree=83
num_leaves=7
num_cat=0
split_feature=22 54 53 22 9 38
split_gain=3.66685 9.18477 13.95 5.80577 8.18509 7.24024
threshold=-22106.434570312496 2.4462261199951176 0.75486582517623912 -11107.364257812498 37082.484375000007 -1.5633498430252073
decision_type=2 2 2 2 2 2
left_child=1 2 -1 4 -2 -5
right_child=3 -3 -4 5 -6 -7
leaf_value=-0.030587276432255978 -0.049020093904420969 -0.079248564254904008 0.035266263343882179 0.029230962268238327 0.037809359230152467 -0.0056764643451199829
leaf_weight=19.531680673360825 3.0563365817070034 4.5583908576518288 13.647682711482046 17.751964244991541 21.656630575656891 91.006798446178436
leaf_count=103 11 30 26 39 37 270
internal_value=0.0010744 -0.0126495 -0.00334901 0.00499216 0.0268685 0
internal_weight=171.209 37.7378 33.1794 133.472 24.713 108.759
internal_count=516 159 129 357 48 309
is_linear=0
shrinkage=0.05


Tree=84
num_leaves=8
num_cat=0
split_feature=7 53 55 10 12 54 40
split_gain=3.57976 10.0856 9.49234 8.50882 12.33 5.76267 5.68861
threshold=2.0693204402923588 -0.78841519355773915 -2.7018216848373409 0.00067549999221228074 692.25000000000011 -1.5023463964462278 -2.0494303703308101
decision_type=2 2 2 2 2 2 2
left_child=3 6 -3 4 -1 -5 -2
right_child=1 2 -4 5 -6 -7 -8
leaf_value=-0.077520185333707539 0.028802138870784595 0.046575593423018237 -0.0049267799941206435 0 0.0082891357122375203 0.062225370178976426 -0.072528214197064997
leaf_weight=4.6626797020435324 1.6128475293517111 9.9421693086624128 89.26778647955507 5.3969331756234196 40.920127360150218 11.022108864039181 7.6452118735760433
leaf_count=23 4 21 274 15 118 16 45
internal_value=0.00102228 -0.00442324 0.000184051 0.0106295 -0.000378636 0.041495 -0.0543354
internal_weight=170.47 108.468 99.21 62.0018 45.5828 16.419 9.25806
internal_count=516 344 295 172 141 31 49
is_linear=0
shrinkage=0.05


Tree=85
num_leaves=8
num_cat=0
split_feature=38 60 9 44 36 41 48
split_gain=3.43549 10.0468 15.525 8.19206 7.05063 11.327 7.06484
threshold=-0.65309953689575184 -2504576.4999999995 56929.648437500007 235106.43750000003 -1.4711630940437315 1.8318821191787722 -0.61846688389778126
decision_type=2 2 2 2 2 2 2
left_child=4 3 -3 -2 5 -1 -6
right_child=1 2 -4 -5 6 -7 -8
leaf_value=-0.072409892382753221 -0.0094306884277871195 -0.082141539771239613 0.018378746734660566 0.020926135021147041 -0.01205220483678471 0.03559881059314482 0.030130067770458565
leaf_weight=5.8517884202301484 59.237362123094499 9.3948009684681875 6.381725810468196 35.514401242136955 13.522315863519905 4.0789332091808319 35.893295802175999
leaf_count=38 202 48 15 74 46 10 83
internal_value=0.000971812 -0.00420603 -0.0411634 0.00189474 0.0106994 -0.027543 0.0184859
internal_weight=169.875 110.528 15.7765 94.7518 59.3463 9.93072 49.4156
internal_count=516 339 63 276 177 48 129
is_linear=0
shrinkage=0.05


Tree=86
num_leaves=6
num_cat=0
split_feature=26 58 13 58 27
split_gain=3.41376 3.73934 7.9295 5.37549 2.30024
threshold=1.3400355577468874 915349.37500000012 25709.330078125004 315143.68750000006 396.54687500000006
decision_type=2 2 2 2 2
left_child=4 3 -3 -2 -1
right_child=1 2 -4 -5 -6
leaf_value=-0.058165298747480144 -0.0019115205024679499 -0.076057783964855227 0.009557810737717054 0.018447900785608557 0.029521235550292659
leaf_weight=3.8222235264256588 107.28146746754646 4.6081564724445325 6.3405512124300003 46.254067189991474 0.84744368866085995
leaf_count=50 318 23 17 104 4
internal_value=0.000922427 0.00214814 -0.0260199 0.00418939 -0.0411813
internal_weight=169.154 164.484 10.9487 153.536 4.66967
internal_count=516 462 40 422 54
is_linear=0
shrinkage=0.05


Tree=87
num_leaves=5
num_cat=0
split_feature=34 11 11 24
split_gain=3.35138 3.72517 12.0201 9.07078
threshold=1.4776827096939089 67.424999237060561 61.364999771118171 4.5000000000000009
decision_type=2 2 2 2
left_child=1 2 -1 -3
right_child=-2 3 -4 -5
leaf_value=0.0031732076064288207 -0.044857252570914913 -0.030118418080920386 -0.046886453794246552 0.029090550268221056
leaf_weight=114.08902774099261 3.9042001217603675 8.2418214902281743 13.389610841870306 29.106652701273561
leaf_count=356 14 28 54 64
internal_value=0.000874781 0.00198835 -0.00204554 0.0158908
internal_weight=168.731 164.827 127.479 37.3485
internal_count=516 502 410 92
is_linear=0
shrinkage=0.05


Tree=88
num_leaves=7
num_cat=0
split_feature=40 60 37 54 49 57
split_gain=3.3748 14.8497 12.0923 9.58604 17.0266 8.26126
threshold=-0.3251663446426391 -2603470.2499999995 -2.1094801425933833 -1.6597265005111692 -1.1062189936637876 30.567173004150394
decision_type=2 2 2 2 2 2
left_child=1 -1 -3 4 -2 -5
right_child=3 2 -4 5 -6 -7
leaf_value=-0.078458969604386641 0.068742745368669908 -0.083657885128404386 0.005817991356124555 0.040819425445857385 -0.060477857106810529 0.0043039461334492043
leaf_weight=6.6874603554606429 3.2719544619321814 4.0399311520159236 57.804981641471386 20.512896219268441 11.169059952720998 64.91874929331243
leaf_count=33 4 19 182 39 68 171
internal_value=0.000830256 -0.00768038 0 0.0067203 -0.0308536 0.0131302
internal_weight=168.405 68.5324 61.8449 99.8727 14.441 85.4316
internal_count=516 234 201 282 72 210
is_linear=0
shrinkage=0.05


Tree=89
num_leaves=5
num_cat=0
split_feature=3 3 51 3
split_gain=3.37931 6.0161 4.71906 4.61024
threshold=-2263.474487304687 -738.24551391601551 5173.0126953125009 -1145.5570068359373
decision_type=2 2 2 2
left_child=-1 3 -3 -2
right_child=1 2 -4 -5
leaf_value=0.042166413489717058 -0.0047843724852219514 0.0035088673101841116 -0.050588700567729718 -0.074287708006401887
leaf_weight=4.7956738024950019 5.2003587409853935 148.8191662793979 4.1361681744456282 4.6846015714108926
leaf_count=9 18 445 17 27
internal_value=0.000789037 -0.000398829 0.00201329 -0.0382287
internal_weight=167.636 162.84 152.955 9.88496
internal_count=516 507 462 45
is_linear=0
shrinkage=0.05


Tree=90
num_leaves=8
num_cat=0
split_feature=60 45 36 45 21 48 37
split_gain=3.42427 8.59849 10.3275 7.9907 8.22479 8.11788 4.39869
threshold=-2549699.3749999995 -0.73327192664146412 -0.79914557933807362 -0.36819507181644434 5.05299997329712 -0.11085781455039977 -1.1054903268814085
decision_type=2 2 2 2 2 2 2
left_child=1 6 -3 5 -5 -2 -1
right_child=3 2 -4 4 -6 -7 -8
leaf_value=0.00023844519067760641 -0.01298854443166509 -0.042687714958321611 0.01028940737631912 0.029409296275386146 -0.01122319108623555 -0.079420437141775435 0.055810824262277285
leaf_weight=5.2714525535702732 39.045807519927621 11.61232080683112 44.216331318020821 23.825388787314296 25.877661955542862 5.2736254483461371 12.276623923331497
leaf_count=14 132 50 113 52 108 28 19
internal_value=0.000746467 0.00886769 -0.000640237 -0.00553829 0.00815358 -0.0210062 0.0394018
internal_weight=167.399 73.3767 55.8287 94.0225 49.7031 44.3194 17.5481
internal_count=516 196 163 320 160 160 33
is_linear=0
shrinkage=0.05


Tree=91
num_leaves=8
num_cat=0
split_feature=35 25 55 60 26 1 59
split_gain=3.42662 8.0557 10.7828 5.8847 5.388 9.15974 7.39208
threshold=-0.39575837552547449 18.190500259399418 3.3030917644500737 -2549699.3749999995 8.7296662330627459 1051.299987792969 404728.21875000006
decision_type=2 2 2 2 2 2 2
left_child=4 2 -2 -3 5 -1 -6
right_child=1 3 -4 -5 6 -7 -8
leaf_value=0.0020911377528283473 -0.025421189542445929 0.078695329487120491 0.017726290760914937 -0.0027377144972411871 0.029578442000482687 -0.073515472765238704 -0.0073512026070926264
leaf_weight=25.413052523508671 48.894590616226196 4.4360179901123047 20.434987327083945 4.2101974934339506 37.690844103693962 4.7316840291023246 20.865495853126049
leaf_count=96 176 4 58 18 76 26 62
internal_value=0.00071147 -0.00690156 -0.0126313 0.0384639 0.00746034 -0.00961063 0.0163338
internal_weight=166.677 77.9758 69.3296 8.64622 88.7011 30.1447 58.5563
internal_count=516 256 234 22 260 122 138
is_linear=0
shrinkage=0.05


Tree=92
num_leaves=5
num_cat=0
split_feature=55 53 14 49
split_gain=3.22519 5.82053 4.95178 4.91591
threshold=-5.4381775856018058 -1.4148300886154173 5126.3000488281259 -0.95370343327522267
decision_type=2 2 2 2
left_child=-1 3 -3 -2
right_child=1 2 -4 -5
leaf_value=0.047203784837707721 0.041388780151669066 0.0038067763156905653 -0.035339455581740842 -0.065634593245030501
leaf_weight=3.6446110196411601 1.2649679742753503 147.03397567477077 8.535971172153948 5.6363367792218915
leaf_count=9 4 432 30 41
internal_value=0.000677389 -0.000335532 0.00162672 -0.0452933
internal_weight=166.116 162.471 155.57 6.9013
internal_count=516 507 462 45
is_linear=0
shrinkage=0.05


Tree=93
num_leaves=8
num_cat=0
split_feature=38 43 34 60 9 34 44
split_gain=3.20355 9.47636 14.1154 8.7106 14.0366 7.69124 7.40763
threshold=-0.65309953689575184 1.0000000180025095e-35 -0.88618963956832875 -2504576.4999999995 56929.648437500007 -0.93721333146095265 235106.43750000003
decision_type=2 2 2 2 2 2 2
left_child=1 5 -3 6 -5 -1 -2
right_child=3 2 -4 4 -6 -7 -8
leaf_value=-0.016283444726509038 -0.0095468294949672024 0.029778642480323882 -0.049317305434363287 -0.079473420453050822 0.017316347456120353 0.039411558645025491 0.019638532875702434
leaf_weight=7.9054664168506852 58.127715714275837 9.9396577775478381 12.915510095655916 9.0118490392342192 6.2875792756676665 26.953730080276728 34.692466765642166
leaf_count=40 202 26 49 48 15 62 74
internal_value=0.000643058 0.010181 -0.0146999 -0.00440208 -0.0393691 0.0266375 0.00130762
internal_weight=165.834 57.7144 22.8552 108.12 15.2994 34.8592 92.8202
internal_count=516 177 75 339 63 102 276
is_linear=0
shrinkage=0.05


Tree=94
num_leaves=7
num_cat=0
split_feature=48 44 14 34 2 48
split_gain=3.15698 7.41638 6.68796 4.5856 11.3265 6.18686
threshold=1.1559795141220095 552192.21875000012 4054.6000976562505 -1.2531392574310301 4662.2453613281259 -0.60380053520202626
decision_type=2 2 2 2 2 2
left_child=3 2 -2 4 -1 -5
right_child=1 -3 -4 5 -6 -7
leaf_value=-0.073485197098587585 0.052400667594753307 0.021689580415996279 -0.070999768440562591 -0.0090972326296929456 0.047685799879222487 0.01264980575104521
leaf_weight=5.7381281163543445 1.2498279772698859 5.6370802074670783 7.1398299671709538 50.470955010503531 2.8543384298682213 92.071902869269252
leaf_count=38 3 14 47 163 5 246
internal_value=0.000610437 -0.0220414 -0.0520205 0.00274581 -0.0326514 0.00491463
internal_weight=165.162 14.0267 8.38966 151.135 8.59247 142.543
internal_count=516 64 50 452 43 409
is_linear=0
shrinkage=0.05


Tree=95
num_leaves=8
num_cat=0
split_feature=35 41 45 26 11 28 9
split_gain=3.15277 7.96654 16.1556 7.73659 5.0783 9.00864 8.37204
threshold=-0.39575837552547449 -0.47875422239303583 -0.57492628693580616 9.2786083221435565 35.939998626708991 1416.0000000000002 12028.629882812502
decision_type=2 2 2 2 2 2 2
left_child=4 3 -3 -2 5 -1 -6
right_child=1 2 -4 -5 6 -7 -8
leaf_value=-0.025966632546453757 0.028886675819655219 -0.070690399822829944 -0.0025888520745182986 -0.026676068038511715 0.070372868637158456 0.062417750537303134 0.0084375983679243934
leaf_weight=19.731566973030571 21.906305383890871 11.701911948621271 34.70744115114212 8.6919130533933622 6.0641388706862918 3.3535148724913588 58.384935950860381
leaf_count=100 49 58 118 31 7 5 148
internal_value=0.000578607 -0.00676727 -0.0198681 0.0129398 0.00709821 -0.0129107 0.0143428
internal_weight=164.542 77.0076 46.4094 30.5982 87.5342 23.0851 64.4491
internal_count=516 256 176 80 260 105 155
is_linear=0
shrinkage=0.05


Tree=96
num_leaves=7
num_cat=0
split_feature=40 60 21 54 49 56
split_gain=3.07199 13.0485 9.91184 8.35289 14.5616 7.14097
threshold=-0.3251663446426391 -2603470.2499999995 3.6294999122619633 -1.6597265005111692 -1.1062189936637876 38.153999328613288
decision_type=2 2 2 2 2 2
left_child=1 -1 -3 4 -2 -5
right_child=3 2 -4 5 -6 -7
leaf_value=-0.075698178425115434 0.064730866251690722 0.011518019286282703 -0.034786191284358108 0.034478690097962526 -0.05822421228852806 0.0025201228365939474
leaf_weight=6.3784888461232176 3.0886511877179137 44.579069588333368 15.598340235650538 25.173692367970943 10.528112594038246 58.481472477316856
leaf_count=33 4 126 75 49 68 161
internal_value=0.000551141 -0.00769255 -0.000401218 0.00624308 -0.0299675 0.0121969
internal_weight=163.828 66.5559 60.1774 97.2719 13.6168 83.6552
internal_count=516 234 201 282 72 210
is_linear=0
shrinkage=0.05


Tree=97
num_leaves=5
num_cat=0
split_feature=3 3 11 3
split_gain=3.04389 5.33566 4.07693 3.91561
threshold=-2263.474487304687 -738.24551391601551 68.260002136230483 -1145.5570068359373
decision_type=2 2 2 2
left_child=-1 3 -3 -2
right_child=1 2 -4 -5
leaf_value=0.040319470921343518 -0.0059113614545477575 -0.0025150729691512316 0.0179481577974164 -0.071846576840693052
leaf_weight=4.6711344122886649 5.0092401728034019 118.33573222067207 30.580012058839202 4.3795034773647767
leaf_count=9 18 387 75 27
internal_value=0.000523427 -0.000619262 0.0016535 -0.0372003
internal_weight=162.976 158.304 148.916 9.38874
internal_count=516 507 462 45
is_linear=0
shrinkage=0.05


Tree=98
num_leaves=8
num_cat=0
split_feature=38 43 34 60 9 34 44
split_gain=3.0399 8.44144 12.9883 8.0941 12.5058 6.66115 6.34538
threshold=-0.65309953689575184 1.0000000180025095e-35 -0.88618963956832875 -2504576.4999999995 56929.648437500007 -0.93721333146095265 235106.43750000003
decision_type=2 2 2 2 2 2 2
left_child=1 5 -3 6 -5 -1 -2
right_child=3 2 -4 4 -6 -7 -8
leaf_value=-0.014878519923182716 -0.0090422370765121923 0.02921586309877729 -0.047331208538623909 -0.077312925258796628 0.015092818545263498 0.037628594730949837 0.018208469273320229
leaf_weight=7.679038491100072 57.248227572068572 9.7759504318237322 12.66839127987623 8.716219883412121 6.1796960532665244 26.365514112636447 34.040740862488747
leaf_count=40 202 26 49 48 15 62 74
internal_value=0.000494348 0.00989304 -0.0137673 -0.00445854 -0.038642 0.0256383 0.00106451
internal_weight=162.674 56.4889 22.4443 106.185 14.8959 34.0446 91.289
internal_count=516 177 75 339 63 102 276
is_linear=0
shrinkage=0.05


Tree=99
num_leaves=6
num_cat=0
split_feature=26 38 43 60 12
split_gain=2.9509 3.13171 9.12018 7.16847 2.03736
threshold=1.3400355577468874 -0.65309953689575184 1.0000000180025095e-35 -2504576.4999999995 21044.029296875004
decision_type=2 2 2 2 2
left_child=4 2 -2 -3 -1
right_child=1 3 -4 -5 -6
leaf_value=-0.057009118522283443 0.02828929102277743 0.0017167085495004863 -0.013128305210351535 -0.036598109502254263 0.029302552049557531
leaf_weight=3.5198138691484919 32.406386904418468 88.832017857581377 22.344310440123081 14.120424970984457 0.76535362005233754
leaf_count=52 85 247 75 55 2
internal_value=0.000468515 0.00161144 0.011295 -0.00348979 -0.0404266
internal_weight=161.988 157.703 54.7507 102.952 4.28517
internal_count=516 462 160 302 54
is_linear=0
shrinkage=0.05


end of trees

feature_importances:
atr=32
btc_CVD=26
pull_ema21=25
Delta_USD=24
z_oi=20
Ask_Trades=17
z_btc_4=17
pull_ema8=17
z_ask_qty=16
Candle_Delta=15
z_btc_20=13
liq_short_5_mean=13
z_bid_qty=12
z_delta_qty=12
z_bid_trades=12
Long/Short_Ratio_(Account)=11
Agg._Funding_Rate=11
RSI=11
cvd_delta=11
z_btc_10=11
z_ask_trades=11
pull_ema50=11
Agg._OI=10
z_cvd_4=10
liq_long_5_mean=10
Candle=9
Price_Low=9
ema_50=9
Net_Shorts=8
ema_slow=8
liq_short_5=8
Delta_Qty=7
z_cvd_10=7
btc_cvd_mom=6
z_ls=6
rsi=6
Sell_Qty=5
liq_long_5=5
stoch_k=5
Agg._Liq_Long=4
CVD=4
funding=4
Buy_Qty=3
Whale_Ind=3
Bid_Qty=3
macro_score=3
ema_21=3
Net_Longs=2
Ask_USD=2
Bid_Trades=2
z_cvd_20=2
ema_8=2
Price_High=1
Ask_Qty=1
Bid_USD=1
total_qty=1
vol_regime=1

parameters:
[boosting: gbdt]
[objective: binary]
[metric: binary_logloss]
[tree_learner: serial]
[device_type: cpu]
[data_sample_strategy: bagging]
[data: ]
[valid: ]
[num_iterations: 100]
[learning_rate: 0.05]
[num_leaves: 31]
[num_threads: 1]
[seed: 42]
[deterministic: 0]
[force_col_wise: 0]
[force_row_wise: 0]
[histogram_pool_size: -1]
[max_depth: 3]
[min_data_in_leaf: 10]
[min_sum_hessian_in_leaf: 0.001]
[bagging_fraction: 0.8]
[pos_bagging_fraction: 1]
[neg_bagging_fraction: 1]
[bagging_freq: 0]
[bagging_seed: 400]
[bagging_by_query: 0]
[feature_fraction: 0.8]
[feature_fraction_bynode: 1]
[feature_fraction_seed: 30056]
[extra_trees: 0]
[extra_seed: 12879]
[early_stopping_round: 0]
[early_stopping_min_delta: 0]
[first_metric_only: 0]
[max_delta_step: 0]
[lambda_l1: 0.1]
[lambda_l2: 0]
[linear_lambda: 0]
[min_gain_to_split: 0]
[drop_rate: 0.1]
[max_drop: 50]
[skip_drop: 0.5]
[xgboost_dart_mode: 0]
[uniform_drop: 0]
[drop_seed: 17869]
[top_rate: 0.2]
[other_rate: 0.1]
[min_data_per_group: 100]
[max_cat_threshold: 32]
[cat_l2: 10]
[cat_smooth: 10]
[max_cat_to_onehot: 4]
[top_k: 20]
[monotone_constraints: ]
[monotone_constraints_method: basic]
[monotone_penalty: 0]
[feature_contri: ]
[forcedsplits_filename: ]
[refit_decay_rate: 0.9]
[cegb_tradeoff: 1]
[cegb_penalty_split: 0]
[cegb_penalty_feature_lazy: ]
[cegb_penalty_feature_coupled: ]
[path_smooth: 0]
[interaction_constraints: ]
[verbosity: -1]
[saved_feature_importance_type: 0]
[use_quantized_grad: 0]
[num_grad_quant_bins: 4]
[quant_train_renew_leaf: 0]
[stochastic_rounding: 1]
[linear_tree: 0]
[max_bin: 63]
[max_bin_by_feature: ]
[min_data_in_bin: 3]
[bin_construct_sample_cnt: 200000]
[data_random_seed: 175]
[is_enable_sparse: 1]
[enable_bundle: 1]
[use_missing: 1]
[zero_as_missing: 0]
[feature_pre_filter: 1]
[pre_partition: 0]
[two_round: 0]
[header: 0]
[label_column: ]
[weight_column: ]
[group_column: ]
[ignore_column: ]
[categorical_feature: ]
[forcedbins_filename: ]
[precise_float_parser: 0]
[parser_config_file: ]
[objective_seed: 16083]
[num_class: 1]
[is_unbalance: 0]
[scale_pos_weight: 4.79775]
[sigmoid: 1]
[boost_from_average: 1]
[reg_sqrt: 0]
[alpha: 0.9]
[fair_c: 1]
[poisson_max_delta_step: 0.7]
[tweedie_variance_power: 1.5]
[lambdarank_truncation_level: 30]
[lambdarank_norm: 1]
[label_gain: ]
[lambdarank_position_bias_regularization: 0]
[eval_at: ]
[multi_error_top_k: 1]
[auc_mu_weights: ]
[num_machines: 1]
[local_listen_port: 12400]
[time_out: 120]
[machine_list_filename: ]
[machines: ]
[gpu_platform_id: -1]
[gpu_device_id: -1]
[gpu_use_dp: 0]
[num_gpu: 1]

end of parameters

pandas_categorical:[]
