tree
version=v4
num_class=1
num_tree_per_iteration=1
label_index=0
max_feature_idx=60
objective=binary sigmoid:1
feature_names=Candle Buy_Qty Sell_Qty Candle_Delta Agg._Liq_Long Agg._Liq_Short CVD Long/Short_Ratio_(Account) Whale_Ind Agg._OI Agg._Funding_Rate RSI Net_Shorts Net_Longs Price_Low Price_High Mid_Price Bid_Qty Ask_Qty Bid_USD Ask_USD Delta_Qty Delta_USD Bid_Trades Ask_Trades total_qty atr cvd_delta btc_cvd_mom ema_fast ema_slow macro_score macro z_cvd_4 z_btc_4 z_cvd_10 z_btc_10 z_cvd_20 z_btc_20 vol_regime z_oi z_ls funding liq_long_5 liq_short_5 z_bid_qty z_ask_qty z_delta_qty z_bid_trades z_ask_trades ema_8 ema_21 ema_50 pull_ema8 pull_ema21 pull_ema50 rsi stoch_k liq_long_5_mean liq_short_5_mean btc_CVD
feature_infos=[13937:196004] [2438:3696780] [3234:5230811] [-1534031:692660] none none [-551765056:-53337296] [0:6.9360170364379883] [0:1.8848830461502075] [0:12588202] [-0.013102260418236256:0.03359299898147583] [0:88.13037109375] [0:624577.625] [0:606856.5] [5.875:144.57499694824219] [5.9250001907348633:144.625] [5.9000000953674316:144.60000610351562] [0:329323] [0:353144] [0:3565925.5] [0:2946290.75] [-298911:158775] [-2788277.25:1413111.75] [0:8905] [0:8617] [0:566903] [0.013428552076220512:4.7127141952514648] [-2910432:1101632] [-17453.75:13421.3125] [6.1629748344421387:132.8623046875] [6.3370895385742188:118.99814605712891] [-30.331813812255859:23.589927673339844] [-1:1] [-1.5:1.5] [-1.4999533891677856:1.4999188184738159] [-2.8362212181091309:2.8075368404388428] [-2.8370709419250488:2.8382284641265869] [-4.1885027885437012:3.9496560096740723] [-4.1386752128601074:4.1315202713012695] [-2.7545058727264404:8.8108539581298828] [-9.7620954513549805:7.0650215148925781] [-6.8701767921447754:6.6513876914978027] [-0.013102260418236256:0.03359299898147583] none none [-2.2032470703125:2.840043306350708] [-2.0193498134613037:2.8233885765075684] [-2.8283126354217529:2.839855432510376] [-2.5230519771575928:2.8225078582763672] [-2.5433752536773682:2.8342690467834473] [5.9170293807983398:140.53250122070312] [6.0105628967285156:138.63336181640625] [5.9920787811279297:136.44683837890625] [-4.9358410835266113:4.8784584999084473] [-7.4363627433776855:7.6647467613220215] [-8.9153947830200195:9.5733718872070312] [0:100] [0:100] none none [-2645745.5:-741350.125]
tree_sizes=961 979 969 976 975 981 978 975 975 980 975 980 884 979 972 984 996 987 983 974 981 876 982 985 984 889 981 990 985 669 980 991 991 994 998 677 992 957 973 993 890 998 891 999 679 888 986 981 991 779 983 991 895 678 974 999 889 680 971 893 995 985 778 1001 1005 998 979 1001 683 996 676 992 892 999 996 996 988 1002 1001 900 991 777 993 689 680 999 1006 998 998 894 993 782 687 1010 898 995 988 1003 901 995

Tree=0
num_leaves=8
num_cat=0
split_feature=39 49 20 50 55 47 33
split_gain=74.4566 63.5904 47.2999 48.6284 42.0758 36.5751 34.1112
threshold=2.4510273933410649 -0.7928846776485442 535533.21875000012 6.5788650512695321 3.7924127578735356 -0.45209021866321558 -0.88696476817131031
decision_type=2 2 2 2 2 2 2
left_child=2 6 5 -4 -3 -1 -2
right_child=1 4 3 -5 -6 -7 -8
leaf_value=-1.4607738850574554 -1.4487349716356388 -1.4224022481618774 -1.6138110741866352 -1.4219693176886825 -1.4883997491381369 -1.443915116679259 -1.356721054381816
leaf_weight=422.67682501673698 12.75783187150955 195.05559772253036 3.3116468489170066 247.2586165368557 27.934341698884964 1415.4113022685051 53.068247139453888
leaf_count=1905 55 761 23 963 138 6003 152
internal_value=-1.44169 -1.41783 -1.445 -1.42452 -1.43065 -1.44779 -1.37448
internal_weight=2377.47 288.816 2088.66 250.57 222.99 1838.09 65.8261
internal_count=10000 1106 8894 986 899 7908 207
is_linear=0
shrinkage=1


Tree=1
num_leaves=8
num_cat=0
split_feature=39 49 45 53 53 28 40
split_gain=52.813 45.4046 46.9657 41.3386 51.4936 43.2113 27.682
threshold=2.4510273933410649 -0.19386981427669522 2.5133963823318486 1.7715286612510683 1.0000000180025095e-35 625.00000000000011 -1.7970192432403562
decision_type=2 2 2 2 2 2 2
left_child=3 6 -3 4 -1 -5 -2
right_child=1 2 -4 5 -6 -7 -8
leaf_value=0.090820389867658641 0.17207104335115908 0.090057724138392303 0.21081321751441348 0.023540912180558732 0.1063224168896157 0.097820580300136448 0.12484218772336607
leaf_weight=1108.9589998722076 41.407111346721649 130.75735275447369 8.656462296843527 38.77746807038784 1051.7059789448977 40.003169804811478 134.05597606301308
leaf_count=4515 110 526 18 199 4022 158 452
internal_value=0.0997753 0.119019 0.0975915 0.0970673 0.0983683 0.0613221 0.136016
internal_weight=2554.32 314.877 139.414 2239.45 2160.66 78.7806 175.463
internal_count=10000 1106 544 8894 8537 357 562
is_linear=0
shrinkage=0.05


Tree=2
num_leaves=8
num_cat=0
split_feature=9 34 1 27 39 20 21
split_gain=47.9133 43.1247 34.0499 43.4199 30.0946 29.9606 9.88432
threshold=8479922.5000000019 1.2901682853698733 204381.50000000003 67240.000000000015 -0.99496832489967335 578779.56250000012 -3607.4999999999995
decision_type=2 2 2 2 2 2 2
left_child=2 4 5 -4 -2 -1 -3
right_child=1 6 3 -5 -6 -7 -8
leaf_value=0.083748442505953938 -0.013659657307126795 0.13980983831528199 0.11540501621375239 0.072754774413110804 0.11219520781190405 0.10451526909151512 0.21773823568886394
leaf_weight=2086.5832675248384 4.8893235474824897 6.9738007634878185 215.95076230168343 83.551150813698769 110.68870478868484 191.8107907474041 11.777041479945181
leaf_count=7893 26 20 698 328 367 649 19
internal_value=0.0891195 0.118338 0.087595 0.103524 0.106828 0.0854989 0.189022
internal_weight=2712.22 134.329 2577.9 299.502 115.578 2278.39 18.7508
internal_count=10000 432 9568 1026 393 8542 39
is_linear=0
shrinkage=0.05


Tree=3
num_leaves=8
num_cat=0
split_feature=9 39 26 53 9 1 37
split_gain=36.2848 32.4531 29.313 35.5169 32.3185 27.5478 7.97218
threshold=8479922.5000000019 -0.99496832489967335 0.24778597801923755 1.4724457263946535 3492377.0000000005 94004.000000000015 0.40114772319793707
decision_type=2 2 2 2 2 2 2
left_child=2 6 4 -4 -1 -3 -2
right_child=1 5 3 -5 -6 -7 -8
leaf_value=0.069070859080194627 -0.061668881653712364 0.13317638802541321 0.089323363960970459 0.049413470852272531 0.082438827514974417 0.088149714641853436 0.068510104004908493
leaf_weight=960.71931254863739 3.4495661109685889 65.732840403914452 819.59748537838459 60.440648034214973 869.24226801097393 72.652005985379219 1.7612097710371015
leaf_count=3557 21 168 2754 245 3012 236 7
internal_value=0.0803562 0.104956 0.0790509 0.0865881 0.0754235 0.109574 -0.0167096
internal_weight=2853.6 143.596 2710 880.038 1829.96 138.385 5.21078
internal_count=10000 432 9568 2999 6569 404 28
is_linear=0
shrinkage=0.05


Tree=4
num_leaves=8
num_cat=0
split_feature=1 23 38 33 27 9 3
split_gain=33.8165 33.2586 39.3717 36.6534 24.0783 59.3189 18.3026
threshold=225965.50000000003 1294.5000000000002 2.8406968116760258 -0.31071221828460688 67240.000000000015 4312975.5000000009 17069.000000000004
decision_type=2 2 2 2 2 2 2
left_child=1 2 -1 -3 6 -6 -2
right_child=4 3 -4 -5 5 -7 -8
leaf_value=0.069694160591250873 0.087366938226871554 0.068126433643953016 -0.0024615861185020437 0.10272184808775316 0.019710008977200447 0.10032666432486746 0.11816048240579219
leaf_weight=2332.0136148929596 151.07883927226067 144.89182308316231 18.924848273396492 165.63918222486973 39.00903108716011 55.580539733171463 73.13939081132412
leaf_count=7993 454 489 87 466 167 161 183
internal_value=0.0730061 0.0711531 0.0691112 0.0865959 0.0884594 0.067133 0.097434
internal_weight=2980.28 2661.47 2350.94 310.531 318.808 94.5896 224.218
internal_count=10000 9035 8080 955 965 328 637
is_linear=0
shrinkage=0.05


Tree=5
num_leaves=8
num_cat=0
split_feature=39 49 53 27 36 27 49
split_gain=32.9475 33.8118 28.0723 41.1666 28.1538 26.1894 22.1702
threshold=2.4510273933410649 -0.7928846776485442 1.9875774979591372 50768.000000000007 1.4872632622718813 -108827.99999999999 -1.1812170743942259
decision_type=2 2 2 2 2 2 2
left_child=2 6 3 -1 -4 -3 -2
right_child=1 5 4 -5 -6 -7 -8
leaf_value=0.063080088698149808 0.033301136382715001 0.094217314436784494 -0.012981970600868035 0.08141084841637683 0.057892544296596973 0.062025053016331592 0.11581138635403171
leaf_weight=2293.6396071761847 9.248212516307829 93.486993312835693 22.705173328518867 356.0876792371273 36.184605300426483 201.6522314697504 80.858064875006676
leaf_count=7600 32 245 108 1061 125 654 175
internal_value=0.0667403 0.0804756 0.0647849 0.0655454 0.0304817 0.0722391 0.107398
internal_weight=3093.86 385.246 2708.62 2649.73 58.8898 295.139 90.1063
internal_count=10000 1106 8894 8661 233 899 207
is_linear=0
shrinkage=0.05


Tree=6
num_leaves=8
num_cat=0
split_feature=39 49 27 56 46 49 19
split_gain=27.2705 27.742 29.951 26.0088 32.496 31.0363 21.3007
threshold=2.4510273933410649 -0.19386981427669522 -108827.99999999999 33.219203948974616 1.2104578614234927 1.9145552515983584 76178.562500000015
decision_type=2 2 2 2 2 2 2
left_child=3 6 -3 4 -1 -5 -2
right_child=1 2 -4 5 -6 -7 -8
leaf_value=0.05591912270878812 0.075378337023412192 0.087780168470353123 0.043828502042756505 0.060724616150764223 0.026541455835665907 0.085009586319620051 0.1096473163180223
leaf_weight=590.46459120512009 159.77662847936153 58.77573150396347 116.485874325037 1950.3550474792719 112.82470406591892 142.29699236154556 64.738721117377281
leaf_count=1923 423 148 396 6167 415 389 139
internal_value=0.0613276 0.0735957 0.0585967 0.0595717 0.0512133 0.0623783 0.085282
internal_weight=3195.72 399.777 175.262 2795.94 703.289 2092.65 224.515
internal_count=10000 1106 544 8894 2338 6556 562
is_linear=0
shrinkage=0.05


Tree=7
num_leaves=8
num_cat=0
split_feature=1 57 1 53 40 25 24
split_gain=24.6598 20.1471 29.427 27.0506 14.6218 33.324 10.7479
threshold=524796.00000000012 94.642803192138686 49413.500000000007 1.0000000180025095e-35 0.065043885260820403 4068.0000000000005 68.500000000000014
decision_type=2 2 2 2 2 2 2
left_child=1 3 -3 -1 6 -6 -2
right_child=4 2 -4 -5 5 -7 -8
leaf_value=0.052504357084108236 0.14295375341506056 0.0033753532876192593 0.05074290309481775 0.062005631395300013 -0.068406402396722465 0.082200622525576139 0.085753000694675383
leaf_weight=1612.9496995061636 14.324267119169233 42.715187236666679 144.45131261646748 1420.9305899292231 4.2281670868396786 26.470910251140594 21.179682895541191
leaf_count=5037 20 168 457 4178 21 68 51
internal_value=0.0565951 0.0559699 0.0399594 0.056956 0.0869389 0.0612947 0.108972
internal_weight=3287.25 3221.05 187.166 3033.88 66.203 30.6991 35.504
internal_count=10000 9840 625 9215 160 89 71
is_linear=0
shrinkage=0.05


Tree=8
num_leaves=8
num_cat=0
split_feature=1 40 37 1 53 47 40
split_gain=21.8016 25.6156 27.86 25.7304 20.3676 23.6214 16.2524
threshold=225965.50000000003 -1.5035039782524107 -1.8881570696830747 61432.000000000007 1.9875774979591372 0.58061319589614879 -2.7432954311370845
decision_type=2 2 2 2 2 2 2
left_child=1 3 -3 -1 6 -6 -2
right_child=4 2 -4 -5 5 -7 -8
leaf_value=0.048807626517789415 0.018090502114559173 0.037073609640454176 0.051285530460561807 0.07152918367743448 0.012112997339473762 0.095520991211855047 0.071115086478036577
leaf_weight=229.2844884544611 15.446275651454924 416.8006125241518 2081.3500043004751 278.6524153649807 34.701670140028 11.319763228297232 302.13034345209599
leaf_count=698 49 1357 6244 736 128 25 763
internal_value=0.0524144 0.0510075 0.0489164 0.0612824 0.0640324 0.0327373 0.0685518
internal_weight=3369.69 3006.09 2498.15 507.937 363.598 46.0214 317.577
internal_count=10000 9035 7601 1434 965 153 812
is_linear=0
shrinkage=0.05


Tree=9
num_leaves=8
num_cat=0
split_feature=39 49 53 36 27 45 33
split_gain=21.1338 24.946 21.938 31.8854 25.4785 20.6708 18.5267
threshold=2.4510273933410649 -0.7928846776485442 1.7715286612510683 1.5657648444175722 50768.000000000007 2.5133963823318486 -0.88696476817131031
decision_type=2 2 2 2 2 2 2
left_child=2 6 4 -4 -1 -3 -2
right_child=1 5 3 -5 -6 -7 -8
leaf_value=0.046190324973268304 0.036325721568838974 0.049880391648784189 -0.002339989070641319 0.053237381704433165 0.060154380366684995 0.11619099970794931 0.091222040865381396
leaf_weight=2530.8332428634167 19.305209517478943 317.61209194362164 53.315311253070831 49.721053436398506 378.31516873836517 12.332601830363272 82.305262058973312
leaf_count=7535 55 881 212 145 1002 18 152
internal_value=0.048694 0.0590883 0.0472031 0.0244308 0.048008 0.0523741 0.0808414
internal_weight=3443.74 431.555 3012.18 103.036 2909.15 329.945 101.61
internal_count=10000 1106 8894 357 8537 899 207
is_linear=0
shrinkage=0.05


Tree=10
num_leaves=8
num_cat=0
split_feature=9 34 49 20 17 20 21
split_gain=21.9819 26.1051 18.5436 18.0996 32.2889 26.5095 5.42741
threshold=8479922.5000000019 1.2901682853698733 -1.0682870149612425 578779.56250000012 72893.000000000015 637491.37500000012 -3607.4999999999995
decision_type=2 2 2 2 2 2 2
left_child=3 2 -2 4 -1 -5 -3
right_child=1 6 -4 5 -6 -7 -8
leaf_value=0.04351333399947846 0.097297436669589829 0.077759580150867702 0.047437270915100679 0.083599788237677483 -0.048006318737155135 0.048335398716754512 0.12757640586363508
leaf_weight=2995.2963235378265 22.04514579474926 9.3085426986217517 130.89475104212761 67.820621892809868 9.6166883558034879 258.85286593437195 16.176377713680267
leaf_count=8681 41 20 352 145 41 701 19
internal_value=0.0453622 0.0625293 0.0546569 0.0444414 0.0432188 0.0556719 0.109577
internal_weight=3510.01 178.425 152.94 3331.59 3004.91 326.673 25.4849
internal_count=10000 432 393 9568 8722 846 39
is_linear=0
shrinkage=0.05


Tree=11
num_leaves=8
num_cat=0
split_feature=1 23 2 38 40 25 24
split_gain=19.1196 19.9522 32.6422 23.0423 11.1777 27.8918 7.92469
threshold=524796.00000000012 1294.5000000000002 135250.00000000003 2.8406968116760258 0.065043885260820403 4068.0000000000005 68.500000000000014
decision_type=2 2 2 2 2 2 2
left_child=1 3 -3 -1 6 -6 -2
right_child=4 2 -4 -5 5 -7 -8
leaf_value=0.040865645435479762 0.11387581459808319 0.060081017305602141 0.027939318128911692 -0.00080759353194159917 -0.070421180019496682 0.064249879703613552 0.067018846510374458
leaf_weight=3040.9700911492109 15.881757989525793 317.26245605945587 106.07414056360722 33.298357576131821 4.4003535956144324 28.916677176952362 23.127775430679321
leaf_count=8635 20 775 310 120 21 68 51
internal_value=0.0423512 0.0418213 0.0520392 0.0404126 0.0679081 0.0463131 0.0862237
internal_weight=3569.93 3497.61 423.337 3074.27 72.3266 33.317 39.0095
internal_count=10000 9840 1085 8755 160 89 71
is_linear=0
shrinkage=0.05


Tree=12
num_leaves=7
num_cat=0
split_feature=28 7 31 46 46 37
split_gain=19.2668 30.724 21.6251 33.6136 24.2503 21.2725
threshold=1.0000000180025095e-35 3.930268526077271 5.1942694187164316 -1.018848121166229 -1.0674896836280821 -1.7861413955688474
decision_type=2 2 2 2 2 2
left_child=2 5 3 -1 -4 -2
right_child=1 -3 4 -5 -6 -7
leaf_value=0.055405894876369891 0.030697876212019644 -0.072717928768814707 -0.01800332257588293 0.031188781590547533 0.051939423113540918 0.046022456809445764
leaf_weight=160.39349734783173 269.01181294023991 5.6525935530662528 12.877663880586622 1395.8343049734831 270.85107827186584 1509.2177157998085
leaf_count=401 787 26 48 4038 702 3998
internal_value=0.0396188 0.0433352 0.0360129 0.0336879 0.0487473 0.043707
internal_weight=3623.84 1783.88 1839.96 1556.23 283.729 1778.23
internal_count=10000 4811 5189 4439 750 4785
is_linear=0
shrinkage=0.05


Tree=13
num_leaves=8
num_cat=0
split_feature=39 29 20 3 53 27 28
split_gain=18.6328 22.6477 21.8576 18.9357 18.637 22.764 20.3742
threshold=2.4510273933410649 9.2837433815002459 263209.12500000006 -13149.499999999998 1.9875774979591372 50768.000000000007 625.00000000000011
decision_type=2 2 2 2 2 2 2
left_child=4 3 -3 -2 5 -1 -6
right_child=1 2 -4 -5 6 -7 -8
leaf_value=0.034642242839231736 0.016936678560926774 0.049352959223474484 0.02241807600965217 0.095287566989325667 -0.021705078199110467 0.047095101877532658 0.033314331188118426
leaf_weight=2718.1086496114731 9.8760065585374814 309.88715241849422 100.53712001442909 38.03924486041069 29.146453097462654 427.40523836016655 39.62340247631073
leaf_count=7600 28 728 290 60 119 1061 114
internal_value=0.0371239 0.0465913 0.0427672 0.0792427 0.0357723 0.0363359 0.00992297
internal_weight=3672.62 458.34 410.424 47.9153 3214.28 3145.51 68.7699
internal_count=10000 1106 1018 88 8894 8661 233
is_linear=0
shrinkage=0.05


Tree=14
num_leaves=8
num_cat=0
split_feature=9 34 26 40 20 1 21
split_gain=17.7932 21.9322 19.3846 26.2666 20.8502 15.81 4.65866
threshold=8479922.5000000019 1.2901682853698733 0.24778597801923755 3.1383090019226079 578779.56250000012 98007.000000000015 -3607.4999999999995
decision_type=2 2 2 2 2 2 2
left_child=2 5 4 -4 -1 -2 -3
right_child=1 6 3 -5 -6 -7 -8
leaf_value=0.0296222233343722 0.057721018774368416 0.063092203187802884 0.040586506136250824 -0.0085055564927556653 0.043490792156391116 0.026258235874913018 0.1078092797896832
leaf_weight=2065.4881004095078 85.059381544589996 9.9007295519113558 1119.7056410759687 27.755061313509941 314.10971216857433 76.803046703338623 17.189796209335327
leaf_count=5799 186 20 2906 93 770 207 19
internal_value=0.0348447 0.04985 0.0340394 0.0393947 0.031455 0.042823 0.0916512
internal_weight=3716.01 188.953 3527.06 1147.46 2379.6 161.862 27.0905
internal_count=10000 432 9568 2999 6569 393 39
is_linear=0
shrinkage=0.05


Tree=15
num_leaves=8
num_cat=0
split_feature=1 40 55 1 27 0 6
split_gain=16.6624 19.1915 22.4687 19.5983 17.0205 28.9849 13.5587
threshold=225965.50000000003 -1.5035039782524107 -1.8108721971511839 61432.000000000007 67240.000000000015 97920.000000000015 -155618799.99999997
decision_type=2 2 2 2 2 2 2
left_child=1 3 -3 -1 6 -6 -2
right_child=4 2 -4 -5 5 -7 -8
leaf_value=0.029671125704464979 0.044429000262869466 0.022969658139381659 0.032808729362842501 0.048417212960172928 -0.0073029111607799714 0.044331173794196245 0.075246194603802607
leaf_weight=255.61481745541096 241.28910973668098 832.03208576142788 1951.5139332562685 312.28678077459335 41.324190065264702 78.56150709092617 42.601645588874817
leaf_count=698 559 2387 5214 736 140 188 78
internal_value=0.0327476 0.0315856 0.0298695 0.0399883 0.0423793 0.0264914 0.0490711
internal_weight=3755.22 3351.45 2783.55 567.902 403.776 119.886 283.891
internal_count=10000 9035 7601 1434 965 328 637
is_linear=0
shrinkage=0.05


Tree=16
num_leaves=8
num_cat=0
split_feature=28 47 18 10 34 37 8
split_gain=15.9878 22.5733 30.9626 25.3648 20.0919 28.8146 16.8965
threshold=1.0000000180025095e-35 0.45098885893821722 46484.500000000007 -6.0250000387895846e-05 -0.48973678052425379 -1.7861413955688474 0.93191590905189525
decision_type=2 2 2 2 2 2 2
left_child=1 3 -3 -1 6 -6 -2
right_child=4 2 -4 -5 5 -7 -8
leaf_value=0.018291749857718951 0.052768152413576054 0.037262302419805507 -0.020085304674686447 0.03301594318771417 0.017564663461932192 0.03569988859054473 0.13804187169873003
leaf_weight=802.47586297988892 59.578721389174461 632.97104614973068 24.330547377467155 462.94616837799549 256.58038724958897 1545.0160550922155 6.5401991605758658
leaf_count=2286 136 1610 83 1210 741 3928 6
internal_value=0.0308133 0.0275992 0.0351319 0.0236824 0.0341194 0.0331199 0.0612787
internal_weight=3790.44 1922.72 657.302 1265.42 1867.72 1801.6 66.1189
internal_count=10000 5189 1693 3496 4811 4669 142
is_linear=0
shrinkage=0.05


Tree=17
num_leaves=8
num_cat=0
split_feature=39 49 55 53 36 56 49
split_gain=15.9469 20.0228 18.6773 17.0416 24.7591 19.2558 15.5258
threshold=2.4510273933410649 -0.7928846776485442 3.7924127578735356 1.7715286612510683 1.5657648444175722 33.219203948974616 -1.1812170743942259
decision_type=2 2 2 2 2 2 2
left_child=3 6 -3 5 -5 -1 -2
right_child=1 2 -4 4 -6 -7 -8
leaf_value=0.02192458660050263 0.00011859786863283511 0.036145904808632071 0.0014644105494308094 -0.01382953686405841 0.032718521511193838 0.030756481490368762 0.062537674757111195
leaf_weight=838.0584539026022 11.245173662900923 319.89714156091213 44.525724425911903 58.691993698477745 55.504995942115784 2394.7553286403418 99.821180909872055
leaf_count=2338 32 761 138 212 145 6199 175
internal_value=0.0290202 0.0376183 0.0319222 0.0277972 0.00875118 0.0284685 0.0562629
internal_weight=3822.5 475.489 364.423 3347.01 114.197 3232.81 111.066
internal_count=10000 1106 899 8894 357 8537 207
is_linear=0
shrinkage=0.05


Tree=18
num_leaves=8
num_cat=0
split_feature=9 39 39 57 31 40 46
split_gain=15.5495 20.4621 18.6997 15.9416 22.3602 15.782 5.56543
threshold=8479922.5000000019 -0.99496832489967335 0.92537447810173046 94.642803192138686 -4.9764277935028067 2.5893591642379765 0.59187951683998119
decision_type=2 2 2 2 2 2 2
left_child=3 6 -3 5 -5 -1 -2
right_child=1 2 -4 4 -6 -7 -8
leaf_value=0.028219073047407763 -0.074127388039115338 0.057018228306586163 0.024574136277040404 -0.019974521956223505 0.021211055173564971 0.01261267176402012 0.017797617211239573
leaf_weight=3272.7319235801697 4.6549087613821021 114.27620962262154 73.778160601854324 40.734550893306732 170.44238018989563 171.67611104249954 2.4299801141023636
leaf_count=8470 21 223 181 140 471 487 7
internal_value=0.0273617 0.0411606 0.0443162 0.0266237 0.013243 0.0274427 -0.0418932
internal_weight=3850.72 195.139 188.054 3655.58 211.177 3444.41 7.08489
internal_count=10000 432 404 9568 611 8957 28
is_linear=0
shrinkage=0.05


Tree=19
num_leaves=8
num_cat=0
split_feature=1 46 57 31 28 57 18
split_gain=15.513 13.6558 19.5063 17.3473 9.5098 20.3719 12.7264
threshold=524796.00000000012 -1.018848121166229 94.642803192138686 6.8113222122192392 166.81250000000003 75.00009918212892 10084.500000000002
decision_type=2 2 2 2 2 2 2
left_child=1 3 -3 -1 5 -2 -6
right_child=4 2 -4 -5 6 -7 -8
leaf_value=0.037810905080912081 0.047505516688576312 0.025330172538039649 0.0089482359976450869 -0.0095822880908513191 0.031062257208670299 -0.044452126429282757 0.093841299748953111
leaf_weight=319.6048564016819 36.647277340292931 3265.3785580843687 193.44093805551529 20.373394757509232 14.07757383584976 7.1523947566747657 19.900059536099434
leaf_count=754 72 8453 568 65 33 28 27
internal_value=0.0258155 0.0253601 0.0244154 0.0349561 0.0479926 0.0323749 0.0679779
internal_weight=3876.58 3798.8 3458.82 339.978 77.7773 43.7997 33.9776
internal_count=10000 9840 9021 819 160 100 60
is_linear=0
shrinkage=0.05


Tree=20
num_leaves=8
num_cat=0
split_feature=1 40 0 55 53 39 9
split_gain=14.5256 16.5447 18.4133 18.2769 13.3843 25.9507 14.3926
threshold=225965.50000000003 -1.5035039782524107 122585.50000000001 -1.8108721971511839 1.9875774979591372 0.81173464655876171 6024848.0000000009
decision_type=2 2 2 2 2 2 2
left_child=1 2 -1 -3 6 -6 -2
right_child=4 3 -4 -5 5 -7 -8
leaf_value=0.039481024768452028 0.030376014765629428 0.015640562668496723 0.021746819131203396 0.024347479155218104 -0.07581839024063397 0.024031978583248056 0.052597481291774051
leaf_weight=306.42639857530594 262.89216892421246 863.27586813271046 283.8498048633337 2028.7409345060587 7.5996314883232108 44.807404100894928 102.23357081413269
leaf_count=707 614 2387 727 5214 34 119 198
internal_value=0.0243745 0.023313 0.0309615 0.0217502 0.0332153 0.0094571 0.0366116
internal_weight=3899.83 3482.29 590.276 2892.02 417.533 52.407 365.126
internal_count=10000 9035 1434 7601 965 153 812
is_linear=0
shrinkage=0.05


Tree=21
num_leaves=7
num_cat=0
split_feature=28 7 31 1 40 31
split_gain=14.0219 25.3954 18.4213 18.3711 16.7428 16.3197
threshold=1.0000000180025095e-35 3.930268526077271 5.9411158561706552 277405.50000000006 2.5893591642379765 5.1942694187164316
decision_type=2 2 2 2 2 2
left_child=3 2 -2 5 -5 -1
right_child=1 -3 -4 4 -6 -7
leaf_value=0.0165835269277671 0.028047941163366737 -0.076887421214250462 0.011888145054121066 0.041665429826814426 -0.0110170118826827 0.029596082601935522
leaf_weight=1538.8588680773973 1728.5952743887901 5.9458750933408728 197.64537557959557 145.62182921171188 16.661166995763779 287.22958754003048
leaf_count=4123 4249 26 536 306 52 708
internal_value=0.02303 0.026072 0.0263924 0.0200714 0.0362259 0.018633
internal_weight=3920.56 1932.19 1926.24 1988.37 162.283 1826.09
internal_count=10000 4811 4785 5189 358 4831
is_linear=0
shrinkage=0.05


Tree=22
num_leaves=8
num_cat=0
split_feature=23 3 2 38 56 31 2
split_gain=14.8721 26.4258 27.5736 20.4788 26.8353 19.5958 17.7707
threshold=1294.5000000000002 3941.5000000000005 116339.00000000001 2.8406968116760258 78.563301086425795 5.9411158561706552 401004.00000000006
decision_type=2 2 2 2 2 2 2
left_child=3 2 -2 6 -5 -3 -1
right_child=1 5 -4 4 -6 -7 -8
leaf_value=0.020329212712481559 0.030810790927830241 0.046658313201790071 -0.0038303540412977528 -0.049435809148349455 0.033873432958299761 -0.021062951464434019 0.039247812637429415
leaf_weight=3297.0001394897699 172.87260572612286 203.25972157716751 85.672100320458412 23.387160629034042 16.413408607244492 11.169817939400671 129.61848931014538
leaf_count=8496 406 413 249 89 40 35 272
internal_value=0.0217709 0.0301109 0.0193127 0.0206315 -0.0149542 0.0431073 0.0210463
internal_weight=3939.39 472.974 258.545 3466.42 39.8006 214.43 3426.62
internal_count=10000 1103 655 8897 129 448 8768
is_linear=0
shrinkage=0.05


Tree=23
num_leaves=8
num_cat=0
split_feature=39 29 33 20 26 60 56
split_gain=13.3852 18.6464 18.8675 17.8332 14.4581 20.3077 19.453
threshold=2.4510273933410649 9.2837433815002459 -0.95338249206542958 263209.12500000006 0.2748571783304215 -2157181.8749999995 34.061658859252937
decision_type=2 2 2 2 2 2 2
left_child=4 2 -2 -3 5 -1 -6
right_child=1 3 -4 -5 6 -7 -8
leaf_value=0.0234931950373784 -0.036708799324769753 0.030763439632281488 0.066822458989594449 0.0072565705136337522 0.012732628186981461 0.014179990978669902 0.029239882423776745
leaf_weight=919.44048468768597 4.7975705713033667 330.38187776505947 46.326774209737778 107.54624865949154 243.99065472185612 1626.1969650685787 677.50008735060692
leaf_count=2259 16 728 72 290 659 4356 1620
internal_value=0.0205919 0.0283582 0.0570092 0.025002 0.019495 0.0175457 0.0248745
internal_weight=3956.18 489.052 51.1243 437.928 3467.13 2545.64 921.491
internal_count=10000 1106 88 1018 8894 6615 2279
is_linear=0
shrinkage=0.05


Tree=24
num_leaves=8
num_cat=0
split_feature=23 48 49 38 56 40 3
split_gain=13.1699 24.1599 22.2729 18.3179 24.3206 21.1074 13.1711
threshold=1294.5000000000002 0.05585914850234986 -0.23824384808540341 2.8406968116760258 78.563301086425795 2.8073772192001347 -6848.4999999999991
decision_type=2 2 2 2 2 2 2
left_child=3 6 -3 5 -5 -1 -2
right_child=1 2 -4 4 -6 -7 -8
leaf_value=0.019567680921815392 0.023072026274066015 -0.083198083876866988 0.024826227588916054 -0.048367411734097858 0.030781667570188936 -0.0012734051113304492 0.08062207833231938
leaf_weight=3328.7703544348478 15.077264860272406 4.8050574809312812 426.12145194411278 23.2117640376091 16.608104452490807 125.62381219863892 30.857958644628525
leaf_count=8408 36 20 1003 89 40 360 44
internal_value=0.0194871 0.0273033 0.0236101 0.018419 -0.0152303 0.0188083 0.0618413
internal_weight=3971.08 476.862 430.927 3494.21 39.8199 3454.39 45.9352
internal_count=10000 1103 1023 8897 129 8768 80
is_linear=0
shrinkage=0.05


Tree=25
num_leaves=7
num_cat=0
split_feature=28 7 47 20 10 41
split_gain=12.3703 22.713 19.1179 24.8662 21.0222 16.9022
threshold=1.0000000180025095e-35 3.930268526077271 0.45098885893821722 800943.06250000012 -6.0250000387895846e-05 0.35490274429321295
decision_type=2 2 2 2 2 2
left_child=2 5 4 -4 -1 -2
right_child=1 -3 3 -5 -6 -7
leaf_value=0.0073809341741488304 0.021062853080754743 -0.076412788345616101 0.023553019588524616 -0.05853800328208867 0.020446830105584082 0.063949454888087273
leaf_weight=841.82295180857182 1934.7872956842184 5.9092064201831809 682.48291181027889 9.3169876486062986 487.10989288985729 23.370440676808357
leaf_count=2286 4745 26 1658 35 1210 40
internal_value=0.018447 0.0212799 0.0156911 0.0224402 0.0121739 0.0215773
internal_weight=3984.8 1964.07 2020.73 691.8 1328.93 1958.16
internal_count=10000 4811 5189 1693 3496 4785
is_linear=0
shrinkage=0.05


Tree=26
num_leaves=8
num_cat=0
split_feature=9 34 49 26 22 7 39
split_gain=12.4398 18.3594 14.0029 13.8287 20.8196 18.9846 3.68882
threshold=8479922.5000000019 1.2901682853698733 -1.0682870149612425 0.24778597801923755 10736.419921875002 2.4304641485214238 1.2342023849487307
decision_type=2 2 2 2 2 2 2
left_child=3 2 -2 5 -5 -1 -3
right_child=1 6 -4 4 -6 -7 -8
leaf_value=0.014976742735348547 0.058225347763155744 0.077531169880371661 0.017567097080465867 0.028605902381296979 0.015483651827609855 -0.058063580906824779 0.03402840808536884
leaf_weight=2551.5589070618153 24.914343178272247 21.361979365348819 147.71941414475441 535.78958556056023 700.04101075232029 8.8997774422168714 6.9200799316167823
leaf_count=6536 41 26 352 1229 1770 33 13
internal_value=0.0174686 0.0296261 0.0234638 0.0168239 0.0211768 0.0147209 0.0670637
internal_weight=3997.21 200.916 172.634 3796.29 1235.83 2560.46 28.2821
internal_count=10000 432 393 9568 2999 6569 39
is_linear=0
shrinkage=0.05


Tree=27
num_leaves=8
num_cat=0
split_feature=39 49 45 33 53 27 46
split_gain=12.2457 17.3633 17.3968 15.3169 13.8424 17.5057 16.4782
threshold=2.4510273933410649 -0.7928846776485442 2.5133963823318486 -0.88696476817131031 1.9875774979591372 50768.000000000007 -0.85064491629600514
decision_type=2 2 2 2 2 2 2
left_child=4 3 -3 -2 5 -1 -6
right_child=1 2 -4 -5 6 -7 -8
leaf_value=0.014560961958594016 0.0033321352121127947 0.016690531867889099 0.074018205997308906 0.050088263952585747 -0.078902550335687577 0.025020024036797379 0.0017508475814826286
leaf_weight=2975.1584990024567 21.933210387825966 365.95270788669586 13.791685596108435 91.813991948962212 6.9688746035099021 464.17350322008133 68.365312859416008
leaf_count=7600 55 881 18 152 30 1061 203
internal_value=0.0165488 0.023943 0.0187857 0.0411165 0.0155092 0.015974 -0.00564372
internal_weight=4008.16 493.492 379.744 113.747 3514.67 3439.33 75.3342
internal_count=10000 1106 899 207 8894 8661 233
is_linear=0
shrinkage=0.05


Tree=28
num_leaves=8
num_cat=0
split_feature=23 2 2 35 2 38 60
split_gain=12.0521 23.0524 19.1957 18.7143 16.1816 20.8593 18.8343
threshold=1294.5000000000002 135250.00000000003 197879.50000000003 -1.5184617042541502 288615.00000000006 2.8406968116760258 -1240339.9374999998
decision_type=2 2 2 2 2 2 2
left_child=4 3 -3 -2 5 -1 -6
right_child=1 2 -4 -5 6 -7 -8
leaf_value=0.01411818384153247 -0.0016683976531575218 -0.022189877670950858 0.018885763726863927 0.033813882900138544 0.036547189949925347 -0.027089658503323368 0.0074726168763989244
leaf_weight=3252.737085595727 41.846792995929718 43.38797265291214 82.341778039932251 314.01568803191185 168.34993229806423 30.920297652482986 83.955580949783325
leaf_count=8238 116 133 195 659 340 106 213
internal_value=0.0156839 0.0231224 0.00467124 0.0296274 0.0146693 0.0137286 0.0268923
internal_weight=4017.56 481.592 125.73 355.862 3535.96 3283.66 252.306
internal_count=10000 1103 328 775 8897 8344 553
is_linear=0
shrinkage=0.05


Tree=29
num_leaves=5
num_cat=0
split_feature=11 11 3 1
split_gain=11.5906 12.3372 32.3703 11.58
threshold=81.835556030273452 62.632709503173835 -4754.4999999999991 36015.500000000007
decision_type=2 2 2 2
left_child=1 3 -3 -1
right_child=-2 2 -4 -5
leaf_value=0.010366457732725508 0.088751825887006142 -0.071245295917251192 0.015777850231798795 0.016637533877840258
leaf_weight=983.85617631673813 5.3279946595430365 15.048637017607687 36.712705075740814 2985.248928502202
leaf_count=2558 7 58 91 7286
internal_value=0.0148667 0.0147676 -0.0094259 0.0150843
internal_weight=4026.19 4020.87 51.7613 3969.11
internal_count=10000 9993 149 9844
is_linear=0
shrinkage=0.05


Tree=30
num_leaves=8
num_cat=0
split_feature=1 46 56 6 40 38 24
split_gain=10.809 11.715 17.5349 15.2353 8.89067 21.1461 7.14587
threshold=524796.00000000012 -1.018848121166229 68.398468017578139 -346203215.99999994 0.065043885260820403 -0.28711089491844172 68.500000000000014
decision_type=2 2 2 2 2 2 2
left_child=1 3 -3 -1 6 -6 -2
right_child=4 2 -4 -5 5 -7 -8
leaf_value=0.034296774155589266 0.073524083215853242 0.014760071659696491 0.0064185487432234199 0.013292837784656716 -0.036849978304144139 0.042035003856496299 0.031065454817859564
leaf_weight=153.51806880533695 16.877843886613846 2783.7793263345957 817.40422242879868 199.95746247470379 13.020367577672003 24.254063591361046 25.626700863242149
leaf_count=323 20 6894 2127 496 42 47 51
internal_value=0.0140937 0.0137239 0.0128681 0.0224292 0.0323613 0.0143455 0.0480427
internal_weight=4034.44 3954.66 3601.18 353.476 79.779 37.2744 42.5045
internal_count=10000 9840 9021 819 160 89 71
is_linear=0
shrinkage=0.05


Tree=31
num_leaves=8
num_cat=0
split_feature=20 50 47 40 3 10 21
split_gain=11.2369 20.7859 19.0391 22.5525 17.4923 14.0933 5.92393
threshold=535533.21875000012 6.5788650512695321 -0.45209021866321558 3.1383090019226079 14997.500000000002 -0.0011660349555313585 2372.5000000000005
decision_type=2 2 2 2 2 2 2
left_child=2 6 3 -1 -3 -4 -2
right_child=1 4 5 -5 -6 -7 -8
leaf_value=0.0067922819602809605 -0.085572344045944493 0.013700039226709102 -0.0088565451749892232 -0.054086661199626067 0.032963164067798888 0.014919445162010745 0.003739900831327185
leaf_weight=791.67417004704475 5.798460513353346 282.30249732732773 63.546462044119835 15.494748517870901 204.0436035990715 2676.1980943083763 2.5771946012973785
leaf_count=2078 24 678 177 57 418 6561 7
internal_value=0.0133648 0.0204396 0.0123766 0.00561743 0.021792 0.0143662 -0.0574939
internal_weight=4041.64 494.722 3546.91 807.169 486.346 2739.74 8.37566
internal_count=10000 1127 8873 2135 1096 6738 31
is_linear=0
shrinkage=0.05


Tree=32
num_leaves=8
num_cat=0
split_feature=28 18 38 31 34 37 0
split_gain=11.1453 16.7199 24.5498 19.3364 16.4747 23.7699 11.8707
threshold=1.0000000180025095e-35 16.500000000000004 0.38317814469337469 5.1942694187164316 -0.48973678052425379 -1.7861413955688474 86525.500000000015
decision_type=2 2 2 2 2 2 2
left_child=1 2 -1 -3 6 -6 -2
right_child=4 3 -4 -5 5 -7 -8
leaf_value=0.050448765243258045 0.059157783905552291 0.0072119319814881984 -0.05245130263036521 0.020717108378016946 0.00082857279107378425 0.016735245703108151 0.017963056952199598
leaf_weight=46.885263234376907 36.178936272859573 1685.1436188966036 6.5676904171705237 315.22993706166744 274.65147876739502 1648.6795840412378 34.721420899033546
leaf_count=86 61 4341 23 739 741 3928 81
internal_value=0.0126758 0.0100834 0.037712 0.00934265 0.0153431 0.0144664 0.0390544
internal_weight=4048.06 2053.83 53.453 2000.37 1994.23 1923.33 70.9004
internal_count=10000 5189 109 5080 4811 4669 142
is_linear=0
shrinkage=0.05


Tree=33
num_leaves=8
num_cat=0
split_feature=39 29 40 10 56 36 27
split_gain=10.8572 16.5238 19.3162 17.2155 12.0017 33.1337 23.4901
threshold=2.4510273933410649 9.2837433815002459 -2.1447334289550777 -8.8700002379482598e-05 33.219203948974616 -0.17585416883230207 -195807.99999999997
decision_type=2 2 2 2 2 2 2
left_child=4 3 -3 -2 5 -1 -6
right_child=1 2 -4 -5 6 -7 -8
leaf_value=0.010636320659107043 0.063621747777181811 0.03913806256221869 0.011157982374802894 -0.0007818210337320119 0.04987921312316481 -0.014102336148416229 0.012141009707774056
leaf_weight=726.88767848908901 37.356995284557343 74.299918711185455 370.37154023349285 14.155580863356588 41.985649436712265 166.17043897509575 2622.6626086980104
leaf_count=1853 53 139 879 35 77 485 6479
internal_value=0.0120243 0.0189672 0.0158444 0.0458267 0.0110546 0.00602762 0.0127375
internal_weight=4053.89 496.184 444.671 51.5126 3557.71 893.058 2664.65
internal_count=10000 1106 1018 88 8894 2338 6556
is_linear=0
shrinkage=0.05


Tree=34
num_leaves=8
num_cat=0
split_feature=57 40 9 53 2 36 47
split_gain=10.7993 22.7874 19.1903 12.6774 19.8783 16.0497 3.37161
threshold=94.642803192138686 -2.4754198789596553 2782582.5000000005 1.0000000180025095e-35 254922.50000000003 -1.5735773444175718 -1.0000000180025095e-35
decision_type=2 2 2 2 2 2 2
left_child=3 6 -3 4 -1 -5 -2
right_child=1 2 -4 5 -6 -7 -8
leaf_value=0.0076804850790006436 0.033800877245409082 -0.025317795115489747 0.0067106028064391199 -0.0097478637497521916 0.024084870540805006 0.016028809093766559 0.085898143889513515
leaf_weight=1826.5537067651749 5.8623453825712204 66.35905709862709 158.10990665853024 62.333468273282051 205.87238465249538 1726.0301338434219 7.7637364864349347
leaf_count=4668 13 211 410 175 439 4075 9
internal_value=0.0114088 0.00105416 -0.00273558 0.0120527 0.00934461 0.0151276 0.0638513
internal_weight=4058.88 238.095 224.469 3820.79 2032.43 1788.36 13.6261
internal_count=10000 643 621 9357 5107 4250 22
is_linear=0
shrinkage=0.05


Tree=35
num_leaves=5
num_cat=0
split_feature=11 53 55 27
split_gain=10.432 12.0678 22.9682 15.3924
threshold=81.835556030273452 1.9875774979591372 4.2022995948791513 50768.000000000007
decision_type=2 2 2 2
left_child=1 3 -3 -1
right_child=-2 2 -4 -5
leaf_value=0.0099326228639051196 0.080356043709831293 -0.044343115914627695 0.0080526176892676531 0.019006590972119514
leaf_weight=3407.0850195586681 5.4096912592649451 28.425816997885704 78.865385547280312 543.48674660921097
leaf_count=8461 7 101 209 1222
internal_value=0.0108263 0.0107324 -0.00578255 0.0111822
internal_weight=4063.27 4057.86 107.291 3950.57
internal_count=10000 9993 310 9683
is_linear=0
shrinkage=0.05


Tree=36
num_leaves=8
num_cat=0
split_feature=23 2 39 48 26 48 49
split_gain=10.1705 21.2417 18.6072 17.3283 15.3261 22.9399 18.7009
threshold=1294.5000000000002 135250.00000000003 1.7431697249412539 0.1712586507201195 0.24778597801923755 2.0399900674819951 -0.6568029224872588
decision_type=2 2 2 2 2 2 2
left_child=4 3 -3 -2 5 -1 -6
right_child=1 2 -4 -5 6 -7 -8
leaf_value=0.0061266911622438105 0.052144958282538206 -0.017798857899900069 0.020706587883590703 0.019071923434604929 0.0229022170079515 0.038141745574100321 0.0097200233529652451
leaf_weight=2255.7849822789431 45.609176978468895 69.905321732163429 56.910463690757751 313.56696432828903 389.40377965569496 57.447084754705429 878.82392613589764
leaf_count=5756 75 202 126 700 859 118 2164
internal_value=0.0102742 0.0170739 -0.000479541 0.0232855 0.00935011 0.00692392 0.0137715
internal_weight=4067.45 485.992 126.816 359.176 3581.46 2313.23 1268.23
internal_count=10000 1103 328 775 8897 5874 3023
is_linear=0
shrinkage=0.05


Tree=37
num_leaves=8
num_cat=0
split_feature=9 34 1 3 39 40 21
split_gain=9.97359 17.3855 13.637 12.8157 25.271 14.2946 5.12962
threshold=8479922.5000000019 1.2901682853698733 98007.000000000015 80086.000000000015 1.3118488788604739 2.3775804042816167 -3607.4999999999995
decision_type=2 2 2 2 2 2 2
left_child=3 2 -2 5 -5 -1 -3
right_child=1 6 -4 4 -6 -7 -8
leaf_value=0.010294637931491595 0.027968272650228183 0.028888305949275189 0 -0.064024146755391378 0.011224465271714314 -0.0023443585056148004 0.074073162672421242
leaf_weight=3583.0213546454906 91.646409124135971 10.516702726483347 82.67228290438652 17.668780848383904 30.061586052179337 237.93238286674023 17.4443269520998
leaf_count=8792 186 20 207 65 70 641 19
internal_value=0.00975206 0.0205951 0.0146858 0.00918382 -0.0165262 0.00950629 0.0572571
internal_weight=4070.96 202.28 174.319 3868.68 47.7304 3820.95 27.961
internal_count=10000 432 393 9568 135 9433 39
is_linear=0
shrinkage=0.05


Tree=38
num_leaves=8
num_cat=0
split_feature=28 56 56 47 18 27 52
split_gain=10.0578 15.5374 21.8932 15.444 23.9717 20.0539 10.6706
threshold=1.0000000180025095e-35 10.69508743286133 33.219203948974616 0.45098885893821722 46484.500000000007 4324.0000000000009 20.570461273193363
decision_type=2 2 2 2 2 2 2
left_child=3 6 -3 5 -5 -1 -2
right_child=1 2 -4 4 -6 -7 -8
leaf_value=0.0075394008189634213 0.070498415290192129 0.0011384934824323421 0.014003839761319251 0.01458909143812274 -0.034417830293235051 -0.0058732291025938707 0
leaf_weight=968.86340247094631 18.607849746942524 420.7918639332056 1559.101902961731 682.44861263036728 25.84265199303627 390.80675914883614 7.7136071026325217
leaf_count=2436 27 1096 3668 1610 83 1060 20
internal_value=0.00925703 0.0117827 0.0112721 0.00680439 0.012794 0.00368056 0.0500005
internal_weight=4074.18 2006.22 1979.89 2067.96 708.291 1359.67 26.3215
internal_count=10000 4811 4764 5189 1693 3496 47
is_linear=0
shrinkage=0.05


Tree=39
num_leaves=8
num_cat=0
split_feature=20 50 47 37 3 41 19
split_gain=9.96271 18.5077 16.1183 23.8159 15.8339 15.7644 4.56107
threshold=535533.21875000012 6.5788650512695321 -0.45209021866321558 -2.5543888807296748 14997.500000000002 0.35490274429321295 878335.15625000012
decision_type=2 2 2 2 2 2 2
left_child=2 6 3 -1 -3 -4 -2
right_child=1 4 5 -5 -6 -7 -8
leaf_value=-0.045265358801821858 -0.084619469710525669 0.0090307648721334472 0.0092014204927149523 0.0032383408280013803 0.027306378160122421 0.039314667154068693 -0.00457757416595698
leaf_weight=26.139191865921021 5.5390567332506162 284.01750653982162 2720.6656181514263 788.82334193587303 204.86801087856293 44.27699339389801 2.8234613686800003
leaf_count=88 23 678 6652 2047 418 86 8
internal_value=0.00878762 0.0154298 0.00786362 0.00167649 0.0166994 0.00968545 -0.0581926
internal_weight=4077.15 497.248 3579.91 814.963 488.886 2764.94 8.36252
internal_count=10000 1127 8873 2135 1096 6738 31
is_linear=0
shrinkage=0.05


Tree=40
num_leaves=7
num_cat=0
split_feature=27 38 60 28 7 47
split_gain=9.73569 23.6089 21.5767 11.6839 19.6278 15.0203
threshold=-195807.99999999997 0.74263641238212597 -897330.21874999988 1.0000000180025095e-35 3.930268526077271 0.45098885893821722
decision_type=2 2 2 2 2 2
left_child=1 2 -1 5 -5 -2
right_child=3 -3 -4 4 -6 -7
leaf_value=0.025033165727003221 0.0017484174175975368 -0.092128605857274462 -0.040285296052488997 0.010775507499676366 -0.079300889617254983 0.011050943217991036
leaf_weight=203.5571400821209 1251.2431650906801 4.6994620263576499 13.424485698342322 1934.9980743527412 6.0536501705646506 665.65372318029404
leaf_count=427 3253 19 43 4634 26 1598
internal_value=0.00834297 0.0185488 0.0209689 0.00775524 0.010492 0.00498138
internal_weight=4079.63 221.681 216.982 3857.95 1941.05 1916.9
internal_count=10000 489 470 9511 4660 4851
is_linear=0
shrinkage=0.05


Tree=41
num_leaves=8
num_cat=0
split_feature=57 31 40 18 31 37 40
split_gain=9.5657 20.6653 20.265 15.5417 11.7055 44.9315 21.2241
threshold=94.642803192138686 -4.9764277935028067 -2.4754198789596553 121.50000000000001 -4.0460731983184806 -2.2432208061218257 1.8871498703956606
decision_type=2 2 2 2 2 2 2
left_child=4 3 -3 -2 5 -1 -6
right_child=1 2 -4 -5 6 -7 -8
leaf_value=-0.018550863368333077 0.047932800874183168 0.065577268219792928 0.00084151776289500104 -0.043930497598367549 0.0082700875436218999 0.015557740096483585 -0.0057791001927426722
leaf_weight=105.62643964588642 5.1806175112724295 12.95943261682987 182.79853449761868 38.426126256585121 2323.8235867470503 1109.4167583733797 303.55922546982765
leaf_count=310 10 19 482 132 5647 2593 807
internal_value=0.00792138 -0.00175918 0.00515265 -0.0329022 0.00852573 0.0125885 0.00664499
internal_weight=4081.79 239.365 195.758 43.6067 3842.43 1215.04 2627.38
internal_count=10000 643 501 142 9357 2903 6454
is_linear=0
shrinkage=0.05


Tree=42
num_leaves=7
num_cat=0
split_feature=1 54 31 41 41 57
split_gain=9.32188 38.4737 36.784 24.3223 16.6008 12.356
threshold=36015.500000000007 1.9822719693183901 -12.781009197235106 -0.49686428904533381 1.8430101275444033 49.999876022338874
decision_type=2 2 2 2 2 2
left_child=1 2 -1 -3 5 -2
right_child=4 3 -4 -5 -6 -7
leaf_value=-0.038198957114680521 0.0057231386560292457 0.084576302668397468 0.0080764574493403015 -0.042392757684333593 -0.090360646198398148 0.012086302250942607
leaf_weight=45.050617963075638 1471.7516824305058 4.0027955621480933 905.78716081380844 59.501515075564384 4.1977445334196082 1593.6367536783218
leaf_count=145 3648 5 2246 197 17 3742
internal_value=0.00752111 0.00335762 0.00587867 -0.0343109 0.0088953 0.00903286
internal_weight=4083.93 1014.34 950.838 63.5043 3069.59 3065.39
internal_count=10000 2593 2391 202 7407 7390
is_linear=0
shrinkage=0.05


Tree=43
num_leaves=8
num_cat=0
split_feature=39 49 46 6 53 39 53
split_gain=9.28798 15.603 19.6148 15.1535 11.7167 20.1931 13.6982
threshold=2.4510273933410649 -0.19386981427669522 0.46084028482437139 -159183727.99999997 1.7715286612510683 -0.3117679208517074 0.22963009774684909
decision_type=2 2 2 2 2 2 2
left_child=4 3 -3 -2 6 -6 -1
right_child=1 2 -4 -5 5 -7 -8
leaf_value=0.0038226873663133928 0.027042810273798869 -0.015561083133183891 0.015172757615399074 -0.0033236483029248209 -0.058060620986232318 -0.00050103970238797124 0.010126379583310335
leaf_weight=1834.4864424914122 225.18730807304382 82.863089129328728 138.7213496118784 49.902326911687851 17.852628543972969 105.27340212464333 1631.4934615939856
leaf_count=4660 439 230 314 123 67 290 3877
internal_value=0.00714152 0.0135586 0.00365705 0.021516 0.00625212 -0.00888749 0.00679138
internal_weight=4085.78 496.674 221.584 275.09 3589.11 123.126 3465.98
internal_count=10000 1106 544 562 8894 357 8537
is_linear=0
shrinkage=0.05


Tree=44
num_leaves=5
num_cat=0
split_feature=11 11 60 41
split_gain=9.35404 10.7689 29.0696 11.0207
threshold=81.835556030273452 62.632709503173835 -1252168.4374999998 -0.87570858001708973
decision_type=2 2 2 2
left_child=1 3 -3 -1
right_child=-2 2 -4 -5
leaf_value=-0.022033078922281946 0.072403528042652002 0.041490336018372126 -0.039998391173588839 0.0072238718901694345
leaf_weight=32.366065755486488 5.4389594495296469 15.508786141872404 36.910333544015884 3996.6471119374037
leaf_count=94 7 29 120 9750
internal_value=0.00678246 0.00669379 -0.0157936 0.0069876
internal_weight=4086.87 4081.43 52.4191 4029.01
internal_count=10000 9993 149 9844
is_linear=0
shrinkage=0.05


Tree=45
num_leaves=7
num_cat=0
split_feature=27 1 60 28 7 18
split_gain=9.09591 21.7223 18.7511 10.2001 17.6858 14.0962
threshold=-195807.99999999997 53061.500000000007 -897330.21874999988 1.0000000180025095e-35 3.930268526077271 279.50000000000006
decision_type=2 2 2 2 2 2
left_child=1 -1 -3 5 -5 -2
right_child=3 2 -4 4 -6 -7
leaf_value=-0.090080152957226489 0.013755620780568521 0.022375031067406896 -0.039048276762551327 0.0086945592262589032 -0.077565175735223771 0.0015309718617466596
leaf_weight=4.6809355169534674 275.53768050670624 203.79242616891861 13.175841480493544 1939.100116237998 5.949080601334571 1646.3259253799915
leaf_count=19 640 428 42 4634 26 4211
internal_value=0.00644054 0.0163037 0.0186219 0.0058739 0.00842816 0.00328622
internal_weight=4088.56 221.649 216.968 3866.91 1945.05 1921.86
internal_count=10000 489 470 9511 4660 4851
is_linear=0
shrinkage=0.05


Tree=46
num_leaves=8
num_cat=0
split_feature=49 40 53 30 9 39 26
split_gain=8.8326 31.8037 24.4849 20.5136 13.2631 15.7451 13.4895
threshold=1.7535203099250796 1.7787892222404482 -1.224062383174896 90.909130096435561 8479922.5000000019 -0.99496832489967335 0.24778597801923755
decision_type=2 2 2 2 2 2 2
left_child=4 3 -3 -2 6 -6 -1
right_child=1 2 -4 -5 5 -7 -8
leaf_value=0.0025863570582423312 0.020721720061224337 0.033752958334425806 -0.062802038237655483 -0.060149366879789702 -0.053947720047619274 0.021247027733687789 0.0091662960421037831
leaf_weight=2402.458384975791 304.27999314665794 9.2648124396801013 22.111902862787247 8.0188318043947202 7.2045498341321936 181.26228734850883 1155.0027797967196
leaf_count=6068 663 19 79 29 26 371 2745
internal_value=0.00611679 0.0137977 -0.0341322 0.0186292 0.00541076 0.018346 0.00472407
internal_weight=4089.6 343.676 31.3767 312.299 3745.93 188.467 3557.46
internal_count=10000 790 98 692 9210 397 8813
is_linear=0
shrinkage=0.05


Tree=47
num_leaves=8
num_cat=0
split_feature=1 37 1 8 24 46 26
split_gain=8.61351 10.1519 31.006 14.4712 7.87809 18.7166 11.2806
threshold=524796.00000000012 1.616236209869385 25916.000000000004 1.5402625203132632 754.50000000000011 0.39802470803260809 0.2748571783304215
decision_type=2 2 2 2 2 2 2
left_child=1 3 -3 -1 5 -2 -6
right_child=4 2 -4 -5 6 -7 -8
leaf_value=0.0066139721834628951 0.019387532630122786 -0.055050100551431724 0.0016628721629591778 -0.043950395610181298 0.013389540921629204 -0.094315460063060366 0.079373798840043905
leaf_weight=3520.7680777162313 48.714637607336044 25.45621520280838 450.95890434086323 14.18176621198654 14.032674670219423 3.8999280482530585 12.386886879801748
leaf_count=8581 100 88 1125 46 31 16 13
internal_value=0.00580975 0.00548603 -0.00135697 0.0064097 0.0221767 0.0108645 0.0445157
internal_weight=4090.4 4011.36 476.415 3534.95 79.0341 52.6146 26.4196
internal_count=10000 9840 1213 8627 160 116 44
is_linear=0
shrinkage=0.05


Tree=48
num_leaves=8
num_cat=0
split_feature=23 2 48 38 35 26 48
split_gain=8.42988 19.727 20.9053 14.6337 21.5462 12.7075 7.38584
threshold=1294.5000000000002 31520.000000000004 1.0000000180025095e-35 2.8406968116760258 2.1530219316482548 0.24778597801923755 1.2046982645988467
decision_type=2 2 2 2 2 2 2
left_child=3 6 -3 5 -5 -1 -2
right_child=1 2 -4 4 -6 -7 -8
leaf_value=0.0028117796285933691 0.01963012867157098 0.044240273520730899 0.0054926304630655313 -0.043359991911313706 0.046028610642286368 0.009060011673616487 0.065429986278710522
leaf_weight=2301.9018614441156 15.347248941659926 38.099626451730728 411.17854811251163 32.756487444043159 8.4387074112892133 1261.7810524404049 21.907643973827362
leaf_count=5788 32 64 975 113 16 2980 32
internal_value=0.00551789 0.0117025 0.00878963 0.00468179 -0.0249276 0.00502547 0.0466968
internal_weight=4091.41 486.533 449.278 3604.88 41.1952 3563.68 37.2549
internal_count=10000 1103 1039 8897 129 8768 64
is_linear=0
shrinkage=0.05


Tree=49
num_leaves=6
num_cat=0
split_feature=13 13 24 13 33
split_gain=8.45103 9.45176 17.2613 9.30068 3.93924
threshold=548304.46875000012 494778.90625000006 23.500000000000004 481414.62500000006 0.65034580230712902
decision_type=2 2 2 2 2
left_child=1 3 -3 -1 -2
right_child=4 2 -4 -5 -6
leaf_value=0.0052507707684257771 -0.089578703351338357 0.077647729838071611 -0.014308466960920639 -0.056241371340116232 -0.0061801015405138597
leaf_weight=4059.0561656802893 3.3913388550281516 12.105667248368265 8.6852805316448194 6.1448039710521689 2.6656800955533981
leaf_count=9919 14 15 24 21 7
internal_value=0.00524139 0.00532999 0.0389931 0.00515659 -0.0537007
internal_weight=4092.05 4085.99 20.7909 4065.2 6.05702
internal_count=10000 9979 39 9940 21
is_linear=0
shrinkage=0.05


Tree=50
num_leaves=8
num_cat=0
split_feature=22 19 49 53 3 9 57
split_gain=8.18046 13.6831 14.4566 13.3738 12.1943 18.9623 10.658
threshold=253421.57812500003 1100104.6250000002 2.0624181032180791 -1.224062383174896 80086.000000000015 3756859.5000000005 94.642803192138686
decision_type=2 2 2 2 2 2 2
left_child=4 3 -3 -2 6 -6 -1
right_child=1 2 -4 -5 5 -7 -8
leaf_value=0.0053349229715281858 0.05396548603480842 0.0059550074730086618 -0.10012021967064011 0.013146097433892515 -0.087976936026834943 -0.0030154066191424352 -0.0065095273750340648
leaf_weight=3644.8921096920967 22.759003281593323 8.3463853448629362 5.1413584351539603 177.52357618510723 8.9088838249444944 25.496762737631798 199.9930664896965
leaf_count=8878 36 19 21 398 37 63 548
internal_value=0.00497784 0.0145104 -0.0341088 0.0178096 0.00445125 -0.0251604 0.00471753
internal_weight=4093.06 213.77 13.4877 200.283 3879.29 34.4056 3844.89
internal_count=10000 474 40 434 9526 100 9426
is_linear=0
shrinkage=0.05


Tree=51
num_leaves=8
num_cat=0
split_feature=46 31 25 6 56 1 45
split_gain=8.13166 15.2408 29.429 13.1474 11.9473 34.4257 24.6833
threshold=-1.018848121166229 6.8113222122192392 29.500000000000004 -346203215.99999994 68.398468017578139 36015.500000000007 -0.93084678053855885
decision_type=2 2 2 2 2 2 2
left_child=1 3 -3 -1 6 -6 -2
right_child=4 2 -4 -5 5 -7 -8
leaf_value=0.025427335340520715 -0.013011686640954076 0.068720456088644924 -0.062998694626675081 0.0056050610757728938 -0.024573999937234504 0.0031291487331638317 0.0067386073590871634
leaf_weight=152.37292848527431 167.86877046525478 5.7131918966770199 16.205897584557533 187.30095139145851 132.51897303760052 728.63939596712589 2703.082411468029
leaf_count=312 458 8 58 452 394 1796 6522
internal_value=0.00472804 0.0118944 -0.0284381 0.0145118 0.00403237 -0.00112813 0.00558204
internal_weight=4093.7 361.593 21.9191 339.674 3732.11 861.158 2870.95
internal_count=10000 830 66 764 9170 2190 6980
is_linear=0
shrinkage=0.05


Tree=52
num_leaves=7
num_cat=0
split_feature=39 45 49 37 46 53
split_gain=7.8872 15.4722 19.8567 10.1462 19.4549 16.4504
threshold=2.4510273933410649 2.5133963823318486 -0.19386981427669522 -1.8370203971862791 2.5288528203964238 -1.3014198541641233
decision_type=2 2 2 2 2 2
left_child=3 2 -2 4 -1 -5
right_child=1 -3 -4 5 -6 -7
leaf_value=-0.00072884024842745376 0.017737271130561096 0.061016171000260744 -0.0027537328970818967 0.027145064828308165 -0.069909774969620531 0.0043282111551408136
leaf_weight=679.72734968364239 272.56706786155701 14.690288931131361 208.13698975741863 81.367679968476295 10.320424333214758 2827.3866003453732
leaf_count=1756 561 19 526 171 38 6929
internal_value=0.00449102 0.0104115 0.0088546 0.00367465 -0.00177076 0.00496819
internal_weight=4094.2 495.394 480.704 3598.8 690.048 2908.75
internal_count=10000 1106 1087 8894 1794 7100
is_linear=0
shrinkage=0.05


Tree=53
num_leaves=5
num_cat=0
split_feature=11 11 3 41
split_gain=8.42433 9.79008 28.4219 9.52499
threshold=81.835556030273452 62.632709503173835 -4754.4999999999991 -0.87570858001708973
decision_type=2 2 2 2
left_child=1 3 -3 -1
right_child=-2 2 -4 -5
leaf_value=-0.022556273766223128 0.066648526816285636 -0.075005223331432141 0.006106944892157626 0.0046814391590615815
leaf_weight=32.295162588357925 5.4155461341142646 15.161975070834158 37.223192259669304 4004.1761721968651
leaf_count=94 7 58 91 9750
internal_value=0.00426642 0.00418257 -0.0172741 0.00446228
internal_weight=4094.27 4088.86 52.3852 4036.47
internal_count=10000 9993 149 9844
is_linear=0
shrinkage=0.05


Tree=54
num_leaves=8
num_cat=0
split_feature=20 50 10 48 19 17 21
split_gain=7.86068 16.3822 14.4392 13.9036 21.3809 16.6509 4.99607
threshold=535533.21875000012 6.5788650512695321 -6.0250000387895846e-05 2.0399900674819951 390866.64062500006 637.50000000000011 2372.5000000000005
decision_type=2 2 2 2 2 2 2
left_child=3 6 -3 4 -1 -5 -2
right_child=1 2 -4 5 -6 -7 -8
leaf_value=0.0035638600974004751 -0.085309572642827972 0.0058576534396820763 0.025170016022927427 -0.057003072524894643 -0.014404627407192082 0.024758951298733733 0
leaf_weight=3305.9045143127441 5.7627278417348844 355.1909998357296 133.60242807865143 6.5630777925252906 174.19162827730179 111.01865942776203 2.6047515422105789
leaf_count=8141 24 826 270 23 475 234 7
internal_value=0.00405246 0.00995041 0.0111466 0.00323603 0.00266303 0.0201527 -0.0593254
internal_weight=4094.84 497.161 488.793 3597.68 3480.1 117.582 8.36748
internal_count=10000 1127 1096 8873 8616 257 31
is_linear=0
shrinkage=0.05


Tree=55
num_leaves=8
num_cat=0
split_feature=34 31 3 10 31 37 54
split_gain=7.78882 21.7412 35.5025 24.4381 13.816 48.2426 15.8884
threshold=-1.3338854312896726 -1.8751320242881773 -41356.999999999993 0.00060028998996131133 -4.0460731983184806 -2.2432208061218257 -1.2913033366203306
decision_type=2 2 2 2 2 2 2
left_child=1 2 -1 -3 5 -2 -6
right_child=4 3 -4 -5 6 -7 -8
leaf_value=0.035937715912578855 -0.029110233906455691 0.02680229200769127 -0.021408332179377532 -0.026990814320945522 -0.0050282854936216821 0.01042186409786788 0.0036395715845503455
leaf_weight=37.824763178825378 82.92968225479126 190.94014462828636 94.032317385077477 23.646965637803078 745.02534404397011 1101.8735996335745 1818.8859138041735
leaf_count=74 254 396 271 69 1929 2585 4422
internal_value=0.00384939 0.0110282 -0.00492002 0.0208511 0.00318462 0.00765062 0.0011189
internal_weight=4095.16 346.444 131.857 214.587 3748.71 1184.8 2563.91
internal_count=10000 810 345 465 9190 2839 6351
is_linear=0
shrinkage=0.05


Tree=56
num_leaves=7
num_cat=0
split_feature=27 38 56 40 18 55
split_gain=7.83658 20.7904 18.1797 10.6114 23.2572 12.7728
threshold=-195807.99999999997 0.74263641238212597 34.061658859252937 -1.5035039782524107 100567.00000000001 -5.1750373840332022
decision_type=2 2 2 2 2 2
left_child=1 2 -1 4 -2 -5
right_child=3 -3 -4 5 -6 -7
leaf_value=0.0066961223262963117 0.0099320234530563406 -0.091211195332435518 0.040230570770420471 0.031290668398929383 -0.098755829896529243 0.001639262685329317
leaf_weight=162.30211319029331 625.4941685795784 4.6870529502630225 54.054136097431183 36.758238852024078 4.9531552940607062 3207.2237550467253
leaf_count=375 1443 19 95 74 20 7974
internal_value=0.00365644 0.0128206 0.0150974 0.00313232 0.00907018 0.00197679
internal_weight=4095.47 221.043 216.356 3874.43 630.447 3243.98
internal_count=10000 489 470 9511 1463 8048
is_linear=0
shrinkage=0.05


Tree=57
num_leaves=5
num_cat=0
split_feature=11 53 55 27
split_gain=7.69157 9.51333 20.3202 13.7336
threshold=81.835556030273452 1.9875774979591372 4.2022995948791513 50768.000000000007
decision_type=2 2 2 2
left_child=1 3 -3 -1
right_child=-2 2 -4 -5
leaf_value=0.0026216711879594977 0.063245861761431155 -0.047411685280260601 0.0016889233266058038 0.011173294195372061
leaf_weight=3437.5586428046227 5.3845534771680823 28.560520231723785 79.684900805354118 544.45229139924049
leaf_count=8461 7 101 209 1222
internal_value=0.00347357 0.00339366 -0.0112201 0.00379217
internal_weight=4095.64 4090.26 108.245 3982.01
internal_count=10000 9993 310 9683
is_linear=0
shrinkage=0.05


Tree=58
num_leaves=8
num_cat=0
split_feature=26 18 36 53 7 57 9
split_gain=7.59186 24.5464 22.5271 22.1243 17.215 14.1304 6.07132
threshold=0.56446403264999401 2115.5000000000005 0.56547752022743236 -0.65003374218940724 2.4304641485214238 14.575203895568849 7774435.0000000009
decision_type=2 2 2 2 2 2 2
left_child=4 2 -2 -3 5 -1 -6
right_child=1 3 -4 -5 6 -7 -8
leaf_value=0.0096237491950743118 0.010190580825818503 -0.020524828502263309 -0.015760523933692785 0.041699860761808205 0 0.0012006993974509692 -0.090796392453551256
leaf_weight=600.09512332081795 337.34988515079021 17.110857769846916 111.08717378973961 83.63821966946125 2.6523832678794843 2937.0570003092289 6.6753864288330078
leaf_count=1426 781 47 304 150 7 7258 27
internal_value=0.00329995 0.0087739 0.0037508 0.0310822 0.00245088 0.00263112 -0.0653649
internal_weight=4095.67 549.186 448.437 100.749 3546.48 3537.15 9.32777
internal_count=10000 1282 1085 197 8718 8684 34
is_linear=0
shrinkage=0.05


Tree=59
num_leaves=7
num_cat=0
split_feature=28 7 31 31 46 46
split_gain=7.64609 15.4696 15.5475 14.145 21.1644 17.764
threshold=1.0000000180025095e-35 3.930268526077271 5.9411158561706552 5.1942694187164316 -1.018848121166229 -1.0674896836280821
decision_type=2 2 2 2 2 2
left_child=3 2 -2 4 -1 -5
right_child=1 -3 -4 5 -6 -7
leaf_value=0.015422238926976632 0.0070573463499899042 -0.076015261324438504 -0.0074285514252222786 -0.043102521647669527 -0.0026211692643150928 0.013186921050453455
leaf_weight=181.1681951880455 1802.9541840106249 5.8192205876111975 206.10900095105171 14.646227866411207 1576.7754123359919 308.55550853908062
leaf_count=401 4249 26 536 48 4038 702
internal_value=0.00313456 0.00533065 0.00556876 0.001006 -0.000758828 0.0106206
internal_weight=4096.03 2014.88 2009.06 2081.15 1757.94 323.202
internal_count=10000 4811 4785 5189 4439 750
is_linear=0
shrinkage=0.05


Tree=60
num_leaves=8
num_cat=0
split_feature=23 2 9 55 40 46 38
split_gain=7.60336 19.0554 16.7014 14.9595 12.7626 35.6628 20.9004
threshold=1294.5000000000002 135250.00000000003 6677945.5000000009 4.4428575038909921 2.8073772192001347 -0.58604624867439259 2.8406968116760258
decision_type=2 2 2 2 2 2 2
left_child=4 3 -3 -2 6 -6 -1
right_child=1 2 -4 -5 5 -7 -8
leaf_value=0.0031687846786408896 0.012318877282642948 -0.033003532804232259 0.0052301761309218806 0.058067166098399563 0.014603403974177252 -0.036933898337764268 -0.035253767595872135
leaf_weight=3439.8175202161074 339.88749107718468 43.281772881746292 83.530578151345253 18.939328163862228 62.706612437963486 72.009065538644791 35.742184460163116
leaf_count=8408 747 131 197 28 142 229 118
internal_value=0.00297769 0.00885475 -0.00777978 0.0147475 0.00218575 -0.0129075 0.00277221
internal_weight=4095.91 485.639 126.812 358.827 3610.28 134.716 3475.56
internal_count=10000 1103 328 775 8897 371 8526
is_linear=0
shrinkage=0.05


Tree=61
num_leaves=8
num_cat=0
split_feature=1 49 3 22 22 55 38
split_gain=7.77249 8.60283 37.1235 12.9504 8.53257 21.4436 10.5643
threshold=524796.00000000012 1.7535203099250796 -18779.999999999996 23593.959960937504 26262.844726562504 -3.3143045902252193 0.48426859080791479
decision_type=2 2 2 2 2 2 2
left_child=1 3 -3 -1 5 -2 -6
right_child=4 2 -4 -5 6 -7 -8
leaf_value=0.004280810488345224 0.03364066148575915 -0.037983767401335848 0.015866933468703475 -0.0017547225785199652 0.0072156326150226019 -0.062228645313954216 0.051583569592335503
leaf_weight=2180.3147087693214 13.932210311293604 35.748430803418159 302.39370986819267 1498.9560180604458 27.198666110634804 10.01295682787895 27.06535904109478
leaf_count=5275 24 111 664 3790 61 34 41
internal_value=0.00282898 0.00252363 0.010159 0.00182054 0.0184503 -0.00623942 0.0294372
internal_weight=4095.62 4017.41 338.142 3679.27 78.2092 23.9452 54.264
internal_count=10000 9840 775 9065 160 58 102
is_linear=0
shrinkage=0.05


Tree=62
num_leaves=6
num_cat=0
split_feature=13 7 41 57 31
split_gain=7.28503 9.94374 15.7128 15.1871 4.00235
threshold=548304.46875000012 4.6712276935577401 1.901078522205353 46.738777160644538 -0.21727986633777616
decision_type=2 2 2 2 2
left_child=1 2 -1 -3 -2
right_child=4 3 -4 -5 -6
leaf_value=0.0027184591826131216 -0.088043780308600245 -0.033892015452925008 -0.093749999797089117 0.075127464020403434 -0.0034379593258857797
leaf_weight=4069.9948243796825 3.4061554372310638 4.4570126533508292 4.2226258814334861 10.83761429786682 2.5872803926467887
leaf_count=9933 14 15 17 14 7
internal_value=0.00268773 0.00276962 0.00261725 0.0430311 -0.0523549
internal_weight=4095.51 4089.51 4074.22 15.2946 5.99344
internal_count=10000 9979 9950 29 21
is_linear=0
shrinkage=0.05


Tree=63
num_leaves=8
num_cat=0
split_feature=39 29 6 33 26 60 57
split_gain=7.13984 14.7908 17.1355 15.6988 9.43391 15.7646 14.0464
threshold=2.4510273933410649 9.2837433815002459 -508489839.99999994 -0.95338249206542958 0.2748571783304215 -1133357.6874999998 5.7821559906005868
decision_type=2 2 2 2 2 2 2
left_child=4 3 -3 -2 6 -6 -1
right_child=1 2 -4 -5 5 -7 -8
leaf_value=0.015682710585256786 -0.051080945549804462 -0.060473322652048259 0.0067442610729168979 0.043071952059593271 0.009314618356078554 -0.0065101443184310175 -0.00062027473260216229
leaf_weight=139.46478477120399 4.8575460016727439 9.6811947971582395 433.45976977050304 45.503555327653885 758.88315430283546 198.17301517724991 2505.6675258129835
leaf_count=319 16 32 986 72 1766 513 6296
internal_value=0.00255299 0.00819593 0.00526449 0.0338912 0.00177852 0.00603264 0.000237411
internal_weight=4095.69 493.502 443.141 50.3611 3602.19 957.056 2645.13
internal_count=10000 1106 1018 88 8894 2279 6615
is_linear=0
shrinkage=0.05


Tree=64
num_leaves=8
num_cat=0
split_feature=56 38 45 22 29 38 38
split_gain=7.25445 25.1458 24.7549 24.6635 15.1865 32.6033 21.657
threshold=33.219203948974616 -0.78462156653404225 -1.012759745121002 38759.410156250007 36.900444030761726 0.28236757218837744 -0.095816843211650835
decision_type=2 2 2 2 2 2 2
left_child=1 2 -1 -3 6 -6 -2
right_child=4 3 -4 -5 5 -7 -8
leaf_value=-0.03202999293372235 -0.0040972995183426331 -0.0047956827033100924 0.0052179692527882775 -0.039062668214279013 0.020313864360086739 -0.0023673893699037978 0.0057053915186590747
leaf_weight=47.244862705469131 930.6301005333662 180.15581686794758 791.54732112586498 74.363172233104706 365.90740860998631 278.80688884854317 1426.7912083566189
leaf_count=142 2367 469 1910 234 781 702 3395
internal_value=0.0024255 -0.00105805 0.00311402 -0.0148272 0.0036958 0.0104976 0.0018335
internal_weight=4095.45 1093.31 838.792 254.519 3002.14 644.714 2357.42
internal_count=10000 2755 2052 703 7245 1483 5762
is_linear=0
shrinkage=0.05


Tree=65
num_leaves=8
num_cat=0
split_feature=9 38 40 10 38 33 26
split_gain=7.62102 26.5633 22.2681 30.6954 25.3197 21.711 19.2397
threshold=3492377.0000000005 1.8986012339591982 2.1145879030227666 1.0000000180025095e-35 2.8406968116760258 0.53391054272651683 0.63071414828300487
decision_type=2 2 2 2 2 2 2
left_child=2 6 4 -4 -1 -3 -2
right_child=1 5 3 -5 -6 -7 -8
leaf_value=0.0025039159593278075 0.0018131544556847373 0.03927132022346632 -0.006660620600492515 -0.059517469794689484 -0.047958064044169961 0.0045513358637147032 0.04018999044779914
leaf_weight=2232.3849230110645 1427.5644825696945 96.219647735357285 162.16610492765903 33.149009093642235 25.130372181534767 85.302183210849762 33.442591205239296
leaf_count=5474 3458 172 432 116 90 201 57
internal_value=0.00230402 0.00494017 0.000536698 -0.0156571 0.00193996 0.022983 0.00269503
internal_weight=4095.36 1642.53 2452.83 195.315 2257.52 181.522 1461.01
internal_count=10000 3888 6112 548 5564 373 3515
is_linear=0
shrinkage=0.05


Tree=66
num_leaves=8
num_cat=0
split_feature=9 34 14 3 40 3 31
split_gain=7.31999 15.9292 12.9286 11.4564 21.28 12.6787 4.09688
threshold=8479922.5000000019 1.2901682853698733 9.7500000000000018 80086.000000000015 2.3775804042816167 42032.500000000007 7.3418445587158212
decision_type=2 2 2 2 2 2 2
left_child=3 2 -2 5 -5 -1 -3
right_child=1 6 -4 4 -6 -7 -8
leaf_value=0.0014713213631136358 0.018558758493288734 0.035615442088559809 -0.0088219030919924734 -0.044556786292252341 0.02870455210611559 0.017339165312079227 0.081655561659951748
leaf_weight=3717.0887680053711 93.545625016093254 20.088003367185596 79.695102870464325 33.295005679130554 14.027765914797781 130.38430698215961 6.7548848390579215
leaf_count=9151 193 33 200 107 28 282 6
internal_value=0.00218907 0.0115204 0.0059341 0.00170842 -0.0227345 0.00201036 0.0473875
internal_weight=4094.88 200.084 173.241 3894.8 47.3228 3847.47 26.8429
internal_count=10000 432 393 9568 135 9433 39
is_linear=0
shrinkage=0.05


Tree=67
num_leaves=8
num_cat=0
split_feature=46 6 46 42 56 1 45
split_gain=7.10117 12.9123 22.5387 17.8162 11.3871 30.2641 21.5148
threshold=-1.018848121166229 -346203215.99999994 -1.0674896836280821 -0.00011271499897702596 68.398468017578139 36015.500000000007 -0.93084678053855885
decision_type=2 2 2 2 2 2 2
left_child=1 3 -3 -1 6 -6 -2
right_child=4 2 -4 -5 5 -7 -8
leaf_value=0.02794589755402016 -0.014421452139155414 -0.009116952042028453 0.02918308604271945 -0.014258083010445462 -0.02558140973104206 0.00038314459311937071 0.0040224564262965334
leaf_weight=125.86017094552517 167.83302932977676 153.07690718770027 51.27447472512722 31.03533723950386 132.60756924748421 728.03965404629707 2704.8613735288382
leaf_count=247 458 400 102 81 394 1796 6522
internal_value=0.00208006 0.00877661 0.000468568 0.0195657 0.00143074 -0.00361164 0.00294316
internal_weight=4094.59 361.247 204.351 156.896 3733.34 860.647 2872.69
internal_count=10000 830 502 328 9170 2190 6980
is_linear=0
shrinkage=0.05


Tree=68
num_leaves=5
num_cat=0
split_feature=18 34 3 56
split_gain=7.0532 7.47518 17.7485 10.5372
threshold=1.0000000180025095e-35 -1.3338854312896726 -28182.999999999996 33.219203948974616
decision_type=2 2 2 2
left_child=-1 2 -2 -3
right_child=1 3 -4 -5
leaf_value=0.044290512392348429 0.023378953231103741 -0.003280886095805582 1.7856441830819713e-05 0.0027862090205220446
leaf_weight=9.8348007053136808 131.39028157293797 963.76778894662857 214.41250674426556 2774.933709949255
leaf_count=17 272 2461 535 6715
internal_value=0.00197607 0.00187296 0.00890853 0.00122089
internal_weight=4094.34 4084.5 345.803 3738.7
internal_count=10000 9983 807 9176
is_linear=0
shrinkage=0.05


Tree=69
num_leaves=8
num_cat=0
split_feature=28 34 41 7 53 28 33
split_gain=7.19183 14.2797 19.2924 13.1333 12.9267 14.2002 13.0612
threshold=1.0000000180025095e-35 -0.48973678052425379 -0.4445714652538299 1.8665465712547304 1.7715286612510683 -77.187499999999986 1.3902863860130312
decision_type=2 2 2 2 2 2 2
left_child=4 3 -3 -2 6 -6 -1
right_child=1 2 -4 -5 5 -7 -8
leaf_value=0.0007936950896716132 0.018817147931770709 -0.040175753451139051 0.0037729554235007429 0.091250775012345575 -0.04332143754159589 0.033705760288993948 -0.036733901027891001
leaf_weight=2018.9413220435381 64.363290026783943 25.283596277236938 1916.3559268862009 6.9926670789718619 31.607599765062332 7.3068493008613578 23.452570185065269
leaf_count=4992 136 81 4588 6 110 15 72
internal_value=0.00187741 0.00400833 0.00319809 0.0259855 -0.000181177 -0.0287298 0.000360322
internal_weight=4094.3 2013 1941.64 71.356 2081.31 38.9144 2042.39
internal_count=10000 4811 4669 142 5189 125 5064
is_linear=0
shrinkage=0.05


Tree=70
num_leaves=5
num_cat=0
split_feature=11 11 7 57
split_gain=6.97954 8.47171 25.903 8.67779
threshold=81.835556030273452 62.632709503173835 2.9588054418563847 94.642803192138686
decision_type=2 2 2 2
left_child=1 3 -3 -1
right_child=-2 2 -4 -5
leaf_value=0.0025316237746098027 0.059030412282552951 -0.03425503942865097 0.059385038516225855 -0.0075809780104611774
leaf_weight=3811.9515654593706 5.3226211220026007 43.423818960785866 8.8684041053056699 224.42624832689762
leaf_count=9238 7 135 14 606
internal_value=0.00178369 0.00170794 -0.0182787 0.00196812
internal_weight=4093.99 4088.67 52.2922 4036.38
internal_count=10000 9993 149 9844
is_linear=0
shrinkage=0.05


Tree=71
num_leaves=8
num_cat=0
split_feature=20 48 33 49 17 51 49
split_gain=6.83035 14.5588 33.1955 14.3864 12.8297 13.6766 13.128
threshold=535533.21875000012 1.6933315396308901 -0.75700747966766346 1.4886478781700136 72893.000000000015 6.5828804969787607 0.15890701115131381
decision_type=2 2 2 2 2 2 2
left_child=4 3 -3 -2 5 -1 -6
right_child=1 2 -4 -5 6 -7 -8
leaf_value=0.025134569935017476 0.0071953166094796996 -0.054921732126253391 0.0056625030804186701 0.031427644823081531 0.0041272723550164368 0.0007208467696955918 -0.094088643549675097
leaf_weight=58.333291187882423 273.45710337162018 28.144790664315224 114.5326933413744 79.285897612571716 6.2998850345611555 3526.6312709450722 7.1662933528423309
leaf_count=117 623 95 260 149 15 8712 29
internal_value=0.00169455 0.00720027 -0.0062534 0.0126562 0.000935151 0.00111949 -0.047769
internal_weight=4093.85 495.42 142.677 352.743 3598.43 3584.96 13.4662
internal_count=10000 1127 355 772 8873 8829 44
is_linear=0
shrinkage=0.05


Tree=72
num_leaves=7
num_cat=0
split_feature=27 38 60 27 19 49
split_gain=6.82783 18.7459 17.0504 9.97409 24.9877 14.1152
threshold=-195807.99999999997 0.74263641238212597 -897330.21874999988 -48679.999999999993 1100104.6250000002 1.9145552515983584
decision_type=2 2 2 2 2 2
left_child=1 2 -1 4 -2 -5
right_child=3 -3 -4 5 -6 -7
leaf_value=0.015984325166769703 -0.0025634849603419579 -0.088936644900646247 -0.042127465776146115 0.0016497760172870268 -0.094889163556289777 0.015580819186116557
leaf_weight=202.11312758922577 959.82135041058064 4.6574288904666892 13.421696767210959 2711.0246338844299 7.3888946324586859 195.05280745029449
leaf_count=427 2416 19 43 6642 30 423
internal_value=0.00161014 0.0101775 0.0123424 0.0011218 -0.00327397 0.00258653
internal_weight=4093.48 220.192 215.535 3873.29 967.21 2906.08
internal_count=10000 489 470 9511 2446 7065
is_linear=0
shrinkage=0.05


Tree=73
num_leaves=8
num_cat=0
split_feature=35 46 56 35 55 10 20
split_gain=6.76891 27.3909 21.1522 11.9421 36.4521 10.8622 10.5484
threshold=-1.8792777657508848 1.8277990818023684 62.188615798950202 -1.817285895347595 2.7198791503906254 -0.00054156500846147526 128825.69140625001
decision_type=2 2 2 2 2 2 2
left_child=1 2 -1 4 -2 -3 -5
right_child=3 5 -4 6 -6 -7 -8
leaf_value=0.015852774362096075 -0.036950005746282343 -0.0019496063131369556 -0.021316599437678871 -0.0014374289352206803 0.079339713886383334 -0.093822865897214225 0.0039138461719952057
leaf_weight=294.34708623588085 50.841295942664146 5.2277285009622565 43.891728579998016 1823.9656143784523 7.7472673803567877 8.8629283308982831 1858.200839266181
leaf_count=655 157 14 125 4548 9 36 4456
internal_value=0.00152961 0.00815674 0.0110147 0.000904088 -0.0214875 -0.0600921 0.00126173
internal_weight=4093.08 352.329 338.239 3740.76 58.5886 14.0907 3682.17
internal_count=10000 830 780 9170 166 50 9004
is_linear=0
shrinkage=0.05


Tree=74
num_leaves=8
num_cat=0
split_feature=46 31 25 10 56 38 55
split_gain=6.61597 12.6897 26.4139 17.8747 10.0879 29.1868 19.9859
threshold=-1.018848121166229 6.8113222122192392 29.500000000000004 -0.0011660349555313585 68.398468017578139 -0.095816843211650835 2.8632326126098637
decision_type=2 2 2 2 2 2 2
left_child=1 3 -3 -1 6 -6 -2
right_child=4 2 -4 -5 5 -7 -8
leaf_value=-0.098616525556731491 0.0012436077660342021 0.062982455588629416 -0.061840064125342355 0.011530405548142273 -0.024554172060014735 0.00018338858423479627 0.019575170031055338
leaf_weight=3.7154835611581793 2714.6727842986584 5.7144273519516018 16.130450502038002 335.3895051330328 142.92921313643456 717.01852169632912 157.37468418478966
leaf_count=15 6644 8 58 749 415 1775 336
internal_value=0.00145293 0.00791847 -0.0289587 0.0103088 0.000826263 -0.00392235 0.00224983
internal_weight=4092.95 360.95 21.8449 339.105 3732 859.948 2872.05
internal_count=10000 830 66 764 9170 2190 6980
is_linear=0
shrinkage=0.05


Tree=75
num_leaves=8
num_cat=0
split_feature=37 27 27 48 27 39 57
split_gain=6.53227 28.1807 20.8423 28.2186 20.1854 19.2229 16.8985
threshold=1.616236209869385 22008.000000000004 33528.000000000007 2.2400950193405156 18856.000000000004 -0.53142055869102467 84.845840454101577
decision_type=2 2 2 2 2 2 2
left_child=2 5 4 -4 -1 -2 -3
right_child=1 6 3 -5 -6 -7 -8
leaf_value=0.001806103737350729 -0.0033652819416300074 0.0078984821453296754 0.014857625202337313 -0.10257033652328169 -0.015110023471349918 -0.092878609452009223 -0.010963070154635032
leaf_weight=3027.2788799107075 10.404899477958681 244.77048495411873 372.70177978277206 5.1773560196161261 187.22647400200367 14.553264781832693 230.51631180942059
leaf_count=7397 27 559 811 21 507 59 619
internal_value=0.0013804 -0.00396916 0.00212672 0.0132355 0.000819281 -0.0557614 -0.00123894
internal_weight=4092.63 500.245 3592.38 377.879 3214.51 24.9582 475.287
internal_count=10000 1264 8736 832 7904 86 1178
is_linear=0
shrinkage=0.05


Tree=76
num_leaves=8
num_cat=0
split_feature=1 31 57 40 22 55 36
split_gain=6.50406 8.25432 23.1628 22.4405 8.06729 18.7933 11.8765
threshold=524796.00000000012 -4.0460731983184806 98.43536758422853 1.8871498703956606 26262.844726562504 -3.3143045902252193 -2.1501722335815425
decision_type=2 2 2 2 2 2 2
left_child=1 2 -1 -3 5 -2 -6
right_child=4 3 -4 -5 6 -7 -8
leaf_value=0.004981736112650609 0.02937588211859515 0.0011140085176220733 -0.071479767194987429 -0.013106530031845288 -0.10134247468031816 -0.06065650238988321 0.030816079522866191
leaf_weight=1255.6216206848621 13.694249674677851 2436.2709565609694 9.9759282767772657 313.04018945991993 1.7413184940814961 10.018312677741049 51.906812816858292
leaf_count=3010 24 5948 38 844 7 34 95
internal_value=0.00131124 0.00103321 0.00437509 -0.000503342 0.0156759 -0.00845101 0.0264333
internal_weight=4092.27 4014.91 1265.6 2749.31 77.3607 23.7126 53.6481
internal_count=10000 9840 3048 6792 160 58 102
is_linear=0
shrinkage=0.05


Tree=77
num_leaves=8
num_cat=0
split_feature=56 38 47 48 55 19 55
split_gain=6.57527 22.6962 22.6596 19.4938 19.2587 38.2296 31.2565
threshold=33.219203948974616 -0.78462156653404225 -1.7443004846572874 -1.1019304394721983 -2.8984601497650142 534304.81250000012 -2.3145040273666377
decision_type=2 2 2 2 2 2 2
left_child=1 3 -3 -1 5 -2 -6
right_child=4 2 -4 -5 6 -7 -8
leaf_value=-0.033447970744099179 0.027790027130345951 -0.077403976377379988 -0.011552211167098821 0.0035404941255541876 -0.024380592466637492 -0.097398461445491524 0.0026582652693158395
leaf_weight=37.263053059577942 121.20130300521851 13.853073492646216 240.42861317098141 801.20046810805798 111.16299259662628 6.4062359929084769 2760.4387503415346
leaf_count=113 245 53 650 1939 317 26 6657
internal_value=0.00124574 -0.0020723 -0.0151594 0.00189069 0.00245631 0.0214661 0.00160982
internal_weight=4091.95 1092.75 254.282 838.464 2999.21 127.608 2871.6
internal_count=10000 2755 703 2052 7245 271 6974
is_linear=0
shrinkage=0.05


Tree=78
num_leaves=8
num_cat=0
split_feature=28 31 46 39 31 54 33
split_gain=6.63124 13.4756 17.9361 15.1999 13.4575 26.6068 16.6806
threshold=1.0000000180025095e-35 5.1942694187164316 -1.018848121166229 0.40723720192909246 5.9411158561706552 2.0833582878112797 -1.4734956622123716
decision_type=2 2 2 2 2 2 2
left_child=1 2 -1 -3 6 -6 -2
right_child=4 3 -4 -5 5 -7 -8
leaf_value=0.012381307992830848 -0.06580085094178266 0.016726158567841747 -0.0042350916473538561 -0.0058465176296366751 -0.018763715910671216 0.023828919445787158 0.004943890092427676
leaf_weight=180.941177085042 8.3617939352989179 206.79714003205299 1576.4527573287487 116.23299857974052 158.11821295320988 47.65242962539196 1797.1352685838938
leaf_count=401 30 454 4038 296 436 100 4245
internal_value=0.00118325 -0.000793958 -0.00252142 0.00858856 0.00323092 -0.0088758 0.00461348
internal_weight=4091.69 2080.42 1757.39 323.03 2011.27 205.771 1805.5
internal_count=10000 5189 4439 750 4811 536 4275
is_linear=0
shrinkage=0.05


Tree=79
num_leaves=7
num_cat=0
split_feature=39 45 49 33 27 3
split_gain=6.53612 14.3342 18.1607 8.68896 25.5825 23.2438
threshold=2.4510273933410649 2.5133963823318486 -0.19386981427669522 -0.99125251173973072 33528.000000000007 -3483.9999999999995
decision_type=2 2 2 2 2 2
left_child=3 2 -2 4 -1 -5
right_child=1 -3 -4 5 -6 -7
leaf_value=0.0033096168848253229 0.013605942265539748 0.055822635921327947 -0.0060617799310056612 -0.0082493506031409182 0.055642623214312528 0.001927328937746723
leaf_weight=830.55649499595165 269.57653331756592 14.340553462505339 207.47418344020844 786.07820849120617 24.046463847160339 1959.256981253624
leaf_count=2026 561 19 526 2045 37 4786
internal_value=0.00112409 0.00653391 0.00504177 0.000384265 0.00478799 -0.000984762
internal_weight=4091.33 491.391 477.051 3599.94 854.603 2745.34
internal_count=10000 1106 1087 8894 2063 6831
is_linear=0
shrinkage=0.05


Tree=80
num_leaves=8
num_cat=0
split_feature=23 2 39 49 48 50 38
split_gain=6.55603 17.8023 18.9718 11.3 10.6596 21.382 12.1871
threshold=1294.5000000000002 31520.000000000004 1.9484979510307314 0.27014315128326422 2.0399900674819951 12.084359169006349 2.8406968116760258
decision_type=2 2 2 2 2 2 2
left_child=4 3 -3 -2 6 -6 -1
right_child=1 2 -4 -5 5 -7 -8
leaf_value=0.00014242123292826126 -0.023511533028275799 -0.0016857801350107062 0.023238952821125872 0.051774850188677682 0.078637509568387318 0.0079354274516611045 -0.027818066154487717
leaf_weight=3446.2431976348162 5.8289121985435477 348.6240509301424 97.654178857803345 31.294745936989784 11.884180024266241 109.77896749973297 39.415431454777718
leaf_count=8503 16 843 196 48 14 253 127
internal_value=0.00106826 0.00653682 0.00375702 0.0398192 0.000334055 0.0148828 -0.000172318
internal_weight=4090.72 483.402 446.278 37.1237 3607.32 121.663 3485.66
internal_count=10000 1103 1039 64 8897 267 8630
is_linear=0
shrinkage=0.05


Tree=81
num_leaves=6
num_cat=0
split_feature=13 7 41 57 31
split_gain=6.44754 8.9381 13.9526 13.6491 3.71884
threshold=548304.46875000012 4.6712276935577401 1.901078522205353 46.738777160644538 -0.21727986633777616
decision_type=2 2 2 2 2
left_child=1 2 -1 -3 -2
right_child=4 3 -4 -5 -6
leaf_value=0.0010427013714587054 -0.085577839027413852 -0.033745144494121415 -0.090259591859067234 0.069775080769917272 -0.0035840229459837645
leaf_weight=4064.9274316579103 3.3763785511255264 4.4400450289249411 4.1875453144311896 10.809966862201689 2.5665083080530158
leaf_count=9933 14 15 17 14 7
internal_value=0.00101504 0.00109196 0.000947513 0.0393073 -0.0510091
internal_weight=4090.31 4084.36 4069.11 15.25 5.94289
internal_count=10000 9979 9950 29 21
is_linear=0
shrinkage=0.05


Tree=82
num_leaves=8
num_cat=0
split_feature=22 31 35 33 25 55 9
split_gain=6.36642 15.7404 24.646 17.7697 11.0799 15.6015 10.2857
threshold=253421.57812500003 4.1617326736450204 -0.67846077680587757 -0.75700747966766346 198100.50000000003 0.8717065453529359 8479922.5000000019
decision_type=2 2 2 2 2 2 2
left_child=4 3 -3 -2 6 -6 -1
right_child=1 2 -4 -5 5 -7 -8
leaf_value=0.00020816689747262136 -0.063001186123175179 0.020151881251507062 -0.061374338203215251 0.018896726386710114 0.002570395626987858 -0.065755274061544272 0.013086341513113532
leaf_weight=3682.4388473182917 6.8689355105161658 18.605675160884857 18.355097711086273 168.51509074866772 18.371286332607269 15.121781289577482 161.91282171010971
leaf_count=9086 24 38 63 349 45 54 341
internal_value=0.000964095 0.00939528 -0.0201996 0.0156607 0.000501127 -0.0281287 0.000751858
internal_weight=4090.19 212.345 36.9608 175.384 3877.84 33.4931 3844.35
internal_count=10000 474 101 373 9526 99 9427
is_linear=0
shrinkage=0.05


Tree=83
num_leaves=5
num_cat=0
split_feature=20 1 54 41
split_gain=6.26415 6.79563 29.6065 12.5037
threshold=1.0000000180025095e-35 36015.500000000007 1.9822719693183901 1.8430101275444033
decision_type=2 2 2 2
left_child=-1 2 -2 -3
right_child=1 3 -4 -5
leaf_value=0.040806622147329746 -0.00051523385690662295 0.0021135284570679329 -0.035804979738768491 -0.08517716865823996
leaf_weight=9.8230283558368665 952.67752800881863 3059.6398810893297 63.412736713886261 4.1053115129470816
leaf_count=17 2386 7378 202 17
internal_value=0.000916081 0.000818811 -0.00272254 0.00199493
internal_weight=4089.66 4079.84 1016.09 3063.75
internal_count=10000 9983 2588 7395
is_linear=0
shrinkage=0.05


Tree=84
num_leaves=5
num_cat=0
split_feature=11 11 3 41
split_gain=6.32158 7.26417 25.3468 7.63812
threshold=81.835556030273452 62.632709503173835 -4754.4999999999991 -0.87570858001708973
decision_type=2 2 2 2
left_child=1 3 -3 -1
right_child=-2 2 -4 -5
leaf_value=-0.023290681538464017 0.055789257806089787 -0.072550276583443402 0.0043139308431500876 0.0012352704888915918
leaf_weight=31.981325581669807 5.2357890009880057 15.024898156523703 37.115997225046158 3999.9547527432442
leaf_count=94 7 58 91 9750
internal_value=0.00087015 0.000798519 -0.0177393 0.00103949
internal_weight=4089.31 4084.08 52.1409 4031.94
internal_count=10000 9993 149 9844
is_linear=0
shrinkage=0.05


Tree=85
num_leaves=8
num_cat=0
split_feature=26 23 10 56 50 26 30
split_gain=6.29433 23.5191 20.8505 12.7531 10.4706 22.8258 11.1621
threshold=0.56446403264999401 115.50000000000001 -0.0010142649989575145 37.965690612792976 54.055358886718757 0.33342899382114416 48.499692916870124
decision_type=2 2 2 2 2 2 2
left_child=4 2 -2 -3 6 -6 -1
right_child=1 3 -4 -5 5 -7 -8
leaf_value=0.00018727155171627851 0.039683365563363764 0.0032969501738230132 -0.0010138735548018273 0.048634678556552721 0.04193979966589495 -0.023599278481889092 0.022928033782990961
leaf_weight=3372.4369199573994 33.859809264540672 23.944315910339355 444.04681324958801 45.358610212802887 15.290786251425741 99.31131973862648 54.848934650421143
leaf_count=8290 60 56 1094 72 28 284 116
internal_value=0.000826629 0.00581753 0.00185907 0.0330425 5.41397e-05 -0.0148111 0.000552665
internal_weight=4089.1 547.21 477.907 69.3029 3541.89 114.602 3427.29
internal_count=10000 1282 1154 128 8718 312 8406
is_linear=0
shrinkage=0.05


Tree=86
num_leaves=8
num_cat=0
split_feature=34 31 25 10 28 34 31
split_gain=6.13632 16.9995 20.274 19.941 12.1579 13.5586 13.2486
threshold=-1.2871130704879759 4.4826855659484872 161.50000000000003 0.0005024499841965736 1.0000000180025095e-35 -0.70715725421905506 -4.0460731983184806
decision_type=2 2 2 2 2 2 2
left_child=1 3 -3 -1 6 -6 -2
right_child=4 2 -4 -5 5 -7 -8
leaf_value=0.0048880971507199149 0.0034245904124799833 -0.059007956266456975 0.033346506017199823 -0.041970068255470769 0.045131607262361761 0.0023540250708307241 -0.0061035380766572903
leaf_weight=302.67404408752918 538.55084373056889 6.3878573030233374 79.25838029384613 24.538760855793953 18.712770089507103 1990.844481408596 1127.8601389825344
leaf_count=722 1312 22 151 77 31 4780 2905
internal_value=0.000785574 0.00656559 0.0263999 0.00135877 0.000135043 0.00275485 -0.00302124
internal_weight=4088.83 412.859 85.6462 327.213 3675.97 2009.56 1666.41
internal_count=10000 972 173 799 9028 4811 4217
is_linear=0
shrinkage=0.05


Tree=87
num_leaves=8
num_cat=0
split_feature=56 56 39 37 55 19 55
split_gain=5.94923 18.5362 25.735 19.7835 17.1993 34.551 28.1946
threshold=33.219203948974616 21.864806175231937 -0.10255385190248488 1.306245028972626 -2.8984601497650142 534304.81250000012 -2.3145040273666377
decision_type=2 2 2 2 2 2 2
left_child=1 2 -1 -3 5 -2 -6
right_child=4 3 -4 -5 6 -7 -8
leaf_value=0.026364944685534481 0.025870830416804602 -0.0066167740733344806 -0.0016961437465843601 -0.093296183210501163 -0.023598298200177264 -0.09345275122381666 0.0020945490065678945
leaf_weight=112.40681770443916 121.1371830701828 674.74466523528099 298.14071694016457 6.6578007638454428 111.06046916544437 6.3709999024868003 2758.0612621605396
leaf_count=236 245 1754 738 27 317 26 6657
internal_value=0.0007464 -0.00241116 0.00597473 -0.00747103 0.00189866 0.0198696 0.00109827
internal_weight=4088.58 1091.95 410.548 681.402 2996.63 127.508 2869.12
internal_count=10000 2755 974 1781 7245 271 6974
is_linear=0
shrinkage=0.05


Tree=88
num_leaves=8
num_cat=0
split_feature=23 2 1 39 40 49 26
split_gain=6.00934 16.9941 15.8591 14.3963 10.2143 26.8116 11.8532
threshold=1294.5000000000002 135250.00000000003 98007.000000000015 4.0865020751953134 2.8073772192001347 -0.14681884646415708 0.24778597801923755
decision_type=2 2 2 2 2 2 2
left_child=4 3 -3 -2 6 -6 -1
right_child=1 2 -4 -5 5 -7 -8
leaf_value=-0.0016230849171088484 0.010078282851230889 -0.091612833830536672 -0.0059176212914570162 0.081744950751348106 0.002523138076446608 -0.044535926532076185 0.0044918845030246712
leaf_weight=2247.8369962871075 349.34161730110645 5.6670386791229239 120.37765651941299 7.174203857779502 88.376892745494843 45.891629219055176 1223.6668354719877
leaf_count=5643 768 23 305 7 217 154 2883
internal_value=0.000708846 0.00594888 -0.00981019 0.0115345 6.18471e-06 -0.0135239 0.000530934
internal_weight=4088.33 482.561 126.045 356.516 3605.77 134.269 3471.5
internal_count=10000 1103 328 775 8897 371 8526
is_linear=0
shrinkage=0.05


Tree=89
num_leaves=7
num_cat=0
split_feature=53 1 28 27 55 27
split_gain=5.87781 20.4629 18.8792 9.4937 23.9317 16.5384
threshold=1.7715286612510683 61432.000000000007 -77.187499999999986 33528.000000000007 5.3823027610778817 18856.000000000004
decision_type=2 2 2 2 2 2
left_child=3 -2 -3 5 -5 -1
right_child=1 2 -4 4 -6 -7
leaf_value=0.00091068303815658067 -0.082886439292648842 -0.040072363079971342 0.0037453283439816162 0.0072424769021094378 -0.10025166924936056 -0.0132123775867875
leaf_weight=3008.4158810824156 8.7537832558155042 30.147781521081924 132.50000394880772 679.91730156540871 5.2118800729513159 222.62449312210083
leaf_count=7363 37 105 329 1547 21 598
internal_value=0.00067343 -0.00838619 -0.00434581 0.00107123 0.00641745 -6.08738e-05
internal_weight=4087.57 171.402 162.648 3916.17 685.129 3231.04
internal_count=10000 471 434 9529 1568 7961
is_linear=0
shrinkage=0.05


Tree=90
num_leaves=8
num_cat=0
split_feature=37 1 54 27 48 27 0
split_gain=5.9739 26.5173 21.1907 17.3883 25.3669 16.5956 12.6411
threshold=1.616236209869385 25916.000000000004 0.56243872642517101 33528.000000000007 2.2400950193405156 18856.000000000004 163358.50000000003
decision_type=2 2 2 2 2 2 2
left_child=3 2 -2 5 -5 -1 -3
right_child=1 6 -4 4 -6 -7 -8
leaf_value=0.0010546398715318354 0.031575476633168294 -0.006934810675076339 -0.078610943067435685 0.013052320550918775 -0.098498127567730992 -0.014295952687619429 0.011215698922503547
leaf_weight=3024.0821044445038 5.5246853232383755 340.18624249100685 19.781741634011269 371.79538694024086 5.1577390730381003 186.94583658874035 133.49538718163967
leaf_count=7397 11 883 77 811 21 507 293
internal_value=0.000639597 -0.00448408 -0.0543584 0.00135355 0.0115127 0.000159372 -0.00180899
internal_weight=4086.97 498.988 25.3064 3587.98 376.953 3211.03 473.682
internal_count=10000 1264 88 8736 832 7904 1176
is_linear=0
shrinkage=0.05


Tree=91
num_leaves=6
num_cat=0
split_feature=13 13 24 13 31
split_gain=5.82311 8.7229 15.2879 8.57343 3.42468
threshold=548304.46875000012 494778.90625000006 34.500000000000007 481414.62500000006 -0.21727986633777616
decision_type=2 2 2 2 2
left_child=1 3 -3 -1 -2
right_child=4 2 -4 -5 -6
leaf_value=0.00060541934894566235 -0.082625740453548882 0.062935220609101825 -0.029097804362267488 -0.05852847483858728 -0.0035563255090442555
leaf_weight=4053.7945437729359 3.3259143829345703 13.953173920512201 6.5834745168685904 6.1372571289539328 2.5621438771486273
leaf_count=9919 14 19 20 21 7
internal_value=0.00060756 0.000680467 0.0331885 0.000514797 -0.0490685
internal_weight=4086.36 4080.47 20.5366 4059.93 5.88806
internal_count=10000 9979 39 9940 21
is_linear=0
shrinkage=0.05


Tree=92
num_leaves=5
num_cat=0
split_feature=11 53 55 27
split_gain=5.9238 7.28172 17.7744 10.1266
threshold=81.835556030273452 1.9875774979591372 4.2022995948791513 50768.000000000007
decision_type=2 2 2 2
left_child=1 3 -3 -1
right_child=-2 2 -4 -5
leaf_value=-0.00014410446866959151 0.054045256526275988 -0.046412193174606139 -0.00013622480993100061 0.0072149642334453593
leaf_weight=3432.6185697764158 5.1754355132579795 28.214636832475662 79.261815905570984 540.96107180416584
leaf_count=8461 7 101 209 1222
internal_value=0.000577003 0.000507971 -0.0123311 0.000856497
internal_weight=4086.23 4081.06 107.476 3973.58
internal_count=10000 9993 310 9683
is_linear=0
shrinkage=0.05


Tree=93
num_leaves=8
num_cat=0
split_feature=35 46 39 55 54 54 10
split_gain=5.94974 23.7916 19.6767 10.8077 25.3142 18.8015 9.83653
threshold=-1.8792777657508848 1.8277990818023684 -0.59134429693222035 -1.8108721971511839 -1.2169775962829588 -1.4220733046531675 -0.00054156500846147526
decision_type=2 2 2 2 2 2 2
left_child=1 2 -1 4 -2 -5 -3
right_child=3 6 -4 5 -6 -7 -8
leaf_value=0.033634580261472043 -0.0014159052735074431 -0.0017567073165453231 0.003382884470574052 -0.025707437726870497 -0.024893500871586732 0.0023655203360114737 -0.089617502182488443
leaf_weight=67.235594496130943 978.79637323319912 5.1984569728374472 270.60455030202866 61.040193617343903 130.16930121183395 2563.954683676362 8.7387324124574643
leaf_count=132 2450 14 648 175 372 6173 36
internal_value=0.000548062 0.00676448 0.00941826 -3.62491e-05 -0.00417619 0.00171082 -0.0572049
internal_weight=4085.74 351.777 337.84 3733.96 1108.97 2624.99 13.9372
internal_count=10000 830 780 9170 2822 6348 50
is_linear=0
shrinkage=0.05


Tree=94
num_leaves=7
num_cat=0
split_feature=27 1 26 40 18 53
split_gain=5.89752 18.0343 17.3125 8.81157 20.5672 11.8185
threshold=-195807.99999999997 53061.500000000007 0.03699994087219239 -1.5035039782524107 100567.00000000001 1.0000000180025095e-35
decision_type=2 2 2 2 2 2
left_child=1 -1 -3 4 -2 -5
right_child=3 2 -4 5 -6 -7
leaf_value=-0.088943061277781912 0.0062986223338081463 0.072152283795322791 0.0073209789367231909 -0.0042289379036752305 -0.096179260752056892 0.0018268664652871915
leaf_weight=4.6366665661334983 623.42609080672264 10.874195218086241 203.54200626909733 1503.419305279851 4.9295883476734152 1734.7258086949587
leaf_count=19 1443 14 456 3849 20 4199
internal_value=0.000520412 0.00850172 0.0106322 6.6946e-05 0.0054867 -0.000983203
internal_weight=4085.55 219.053 214.416 3866.5 628.356 3238.15
internal_count=10000 489 470 9511 1463 8048
is_linear=0
shrinkage=0.05


Tree=95
num_leaves=8
num_cat=0
split_feature=37 1 53 27 28 38 40
split_gain=5.99038 24.0267 19.5156 14.7974 23.258 16.3042 11.9214
threshold=1.616236209869385 25916.000000000004 0.47868524491786962 33528.000000000007 -1899.9999999999998 2.289339661598206 -3.1714155673980708
decision_type=2 2 2 2 2 2 2
left_child=3 2 -2 5 -5 -1 -3
right_child=1 6 -4 4 -6 -7 -8
leaf_value=-0.00053750716934208647 0.0029998474201352165 0.050762540329893781 -0.087100232984803447 -0.099516076225092509 0.01200036629342007 0.019737075934589822 -0.0032999334467224022
leaf_weight=3107.7306358963251 9.6540234088897723 10.419224724173544 15.476715892553328 4.7263896316289893 371.77124553918839 102.42507123947144 462.83042442798615
leaf_count=7681 24 16 64 19 813 223 1160
internal_value=0.000494418 -0.00463997 -0.0522891 0.00120926 0.0105872 0.000107828 -0.00209911
internal_weight=4085.03 498.38 25.1307 3586.65 376.498 3210.16 473.25
internal_count=10000 1264 88 8736 832 7904 1176
is_linear=0
shrinkage=0.05


Tree=96
num_leaves=8
num_cat=0
split_feature=22 31 33 33 3 39 25
split_gain=5.63987 14.3708 19.4777 15.8721 11.011 13.1421 7.89357
threshold=253421.57812500003 4.1617326736450204 0.066366963088512435 -0.75700747966766346 80086.000000000015 2.1754599809646611 198100.50000000003
decision_type=2 2 2 2 2 2 2
left_child=4 3 -3 -2 6 -6 -1
right_child=1 2 -4 -5 5 -7 -8
leaf_value=0.00049495974805543758 -0.060111657350345585 0.0145864133491915 -0.058039216660473458 0.01748106719933424 -0.05686095017637615 0.0054448064549583904 -0.02441228511637264
leaf_weight=3807.0006423890591 6.833957999944686 19.287665799260139 17.569186165928841 167.92906533181667 18.439393669366837 15.395265206694601 32.073206856846809
leaf_count=9332 24 41 60 349 65 35 94
internal_value=0.000469599 0.00841799 -0.0198976 0.0144183 3.39989e-05 -0.0283631 0.000285572
internal_weight=4084.53 211.62 36.8569 174.763 3872.91 33.8347 3839.07
internal_count=10000 474 101 373 9526 100 9426
is_linear=0
shrinkage=0.05


Tree=97
num_leaves=8
num_cat=0
split_feature=49 25 19 45 1 48 3
split_gain=5.65234 21.3793 18.9071 13.9835 26.9103 20.1533 8.92093
threshold=-0.7122986614704131 37831.500000000007 11888.089843750002 -0.80713254213333119 51331.000000000007 -0.92470166087150563 -17125.499999999996
decision_type=2 2 2 2 2 2 2
left_child=1 2 -1 4 -2 -5 -3
right_child=3 6 -4 5 -6 -7 -8
leaf_value=0.0082616732020362165 0.0066157431887073018 0.069317021053638628 -0.0051586673178577788 -0.092203457678921963 -0.051075586759960226 7.9152862059758678e-05 0.01773176607967519
leaf_weight=586.9796923995018 41.681538075208664 16.286499917507172 474.26561434566975 5.928218573331832 39.005215495824814 2902.0047276616096 17.955550700426102
leaf_count=1353 101 21 1200 24 128 7136 37
internal_value=0.000446073 0.00351914 0.00225947 -0.000678695 -0.0212112 -0.000107258 0.0424132
internal_weight=4084.11 1095.49 1061.25 2988.62 80.6868 2907.93 34.2421
internal_count=10000 2611 2553 7389 229 7160 58
is_linear=0
shrinkage=0.05


Tree=98
num_leaves=7
num_cat=0
split_feature=34 56 40 21 18 34
split_gain=5.56636 16.4387 25.6799 17.2211 8.96425 9.29656
threshold=-1.2871130704879759 21.864806175231937 -1.4209909439086912 -1553.9999999999998 1.0000000180025095e-35 -1.0555921792984007
decision_type=2 2 2 2 2 2
left_child=1 3 -3 -1 -2 -6
right_child=4 2 -4 -5 5 -7
leaf_value=-0.024326969480743053 0.049541575199390196 0.028919934753160015 -0.0055840235025006848 0.038615593360927257 -0.0086638093327206685 0.0004414504835916663
leaf_weight=13.139706850051878 9.0364500135183317 67.28745724260807 271.29167720675468 60.589912101626396 305.83521547913551 3356.6836240142584
leaf_count=38 14 130 696 108 804 8210
internal_value=0.000423841 0.00593273 0.00125835 0.0273305 -0.000193435 -0.000317511
internal_weight=4083.86 412.309 338.579 73.7296 3671.56 3662.52
internal_count=10000 972 826 146 9028 9014
is_linear=0
shrinkage=0.05


Tree=99
num_leaves=8
num_cat=0
split_feature=57 40 53 53 54 47 45
split_gain=5.38696 17.2317 16.62 8.91374 20.9441 19.743 3.20326
threshold=94.642803192138686 -2.4754198789596553 0.75013247132301342 0.75013247132301342 1.8864797353744509 1.2707056403160097 0.22181665152311328
decision_type=2 2 2 2 2 2 2
left_child=3 6 -3 4 -1 -5 -2
right_child=1 2 -4 5 -6 -7 -8
leaf_value=0.00022612359971125348 0.023543326088696814 0.048326077292370817 -0.013349980940703117 0.0074395368919257486 -0.030991736842751534 -0.033849552366793906 0.073879648012145624
leaf_weight=3044.4392498582602 6.9741276055574399 11.481461971998213 213.71125301718712 715.62654727697372 54.689084559679031 30.136268317699432 6.4453877806663513
leaf_count=7454 14 20 601 1654 160 89 8
internal_value=0.000402725 -0.00688485 -0.0101832 0.00085629 -0.000323152 0.00576434 0.0480924
internal_weight=4083.5 238.612 225.193 3844.89 3099.13 745.763 13.4195
internal_count=10000 643 621 9357 7614 1743 22
is_linear=0
shrinkage=0.05


end of trees

feature_importances:
Buy_Qty=32
vol_regime=31
cvd_delta=29
z_oi=29
macro_score=27
pull_ema8=27
z_ask_trades=26
z_btc_20=22
rsi=21
z_ask_qty=20
pull_ema50=20
Candle_Delta=19
Agg._OI=18
btc_cvd_mom=18
stoch_k=16
atr=15
z_cvd_4=15
z_btc_4=15
Ask_USD=14
z_cvd_20=14
RSI=13
Sell_Qty=12
Long/Short_Ratio_(Account)=12
Agg._Funding_Rate=12
z_bid_trades=12
Ask_Qty=11
Bid_Trades=11
z_ls=11
z_delta_qty=11
z_bid_qty=10
Net_Longs=8
Bid_USD=8
Delta_USD=8
total_qty=8
pull_ema21=8
Delta_Qty=7
z_btc_10=7
btc_CVD=7
CVD=6
Ask_Trades=6
z_cvd_10=6
ema_8=6
ema_fast=5
Candle=4
Bid_Qty=3
Whale_Ind=2
ema_slow=2
Price_Low=1
funding=1
ema_21=1
ema_50=1

parameters:
[boosting: gbdt]
[objective: binary]
[metric: binary_logloss]
[tree_learner: serial]
[device_type: cpu]
[data_sample_strategy: bagging]
[data: ]
[valid: ]
[num_iterations: 100]
[learning_rate: 0.05]
[num_leaves: 31]
[num_threads: 1]
[seed: 42]
[deterministic: 0]
[force_col_wise: 0]
[force_row_wise: 0]
[histogram_pool_size: -1]
[max_depth: 3]
[min_data_in_leaf: 10]
[min_sum_hessian_in_leaf: 0.001]
[bagging_fraction: 0.8]
[pos_bagging_fraction: 1]
[neg_bagging_fraction: 1]
[bagging_freq: 0]
[bagging_seed: 400]
[bagging_by_query: 0]
[feature_fraction: 0.8]
[feature_fraction_bynode: 1]
[feature_fraction_seed: 30056]
[extra_trees: 0]
[extra_seed: 12879]
[early_stopping_round: 0]
[early_stopping_min_delta: 0]
[first_metric_only: 0]
[max_delta_step: 0]
[lambda_l1: 0.1]
[lambda_l2: 0]
[linear_lambda: 0]
[min_gain_to_split: 0]
[drop_rate: 0.1]
[max_drop: 50]
[skip_drop: 0.5]
[xgboost_dart_mode: 0]
[uniform_drop: 0]
[drop_seed: 17869]
[top_rate: 0.2]
[other_rate: 0.1]
[min_data_per_group: 100]
[max_cat_threshold: 32]
[cat_l2: 10]
[cat_smooth: 10]
[max_cat_to_onehot: 4]
[top_k: 20]
[monotone_constraints: ]
[monotone_constraints_method: basic]
[monotone_penalty: 0]
[feature_contri: ]
[forcedsplits_filename: ]
[refit_decay_rate: 0.9]
[cegb_tradeoff: 1]
[cegb_penalty_split: 0]
[cegb_penalty_feature_lazy: ]
[cegb_penalty_feature_coupled: ]
[path_smooth: 0]
[interaction_constraints: ]
[verbosity: -1]
[saved_feature_importance_type: 0]
[use_quantized_grad: 0]
[num_grad_quant_bins: 4]
[quant_train_renew_leaf: 0]
[stochastic_rounding: 1]
[linear_tree: 0]
[max_bin: 63]
[max_bin_by_feature: ]
[min_data_in_bin: 3]
[bin_construct_sample_cnt: 200000]
[data_random_seed: 175]
[is_enable_sparse: 1]
[enable_bundle: 1]
[use_missing: 1]
[zero_as_missing: 0]
[feature_pre_filter: 1]
[pre_partition: 0]
[two_round: 0]
[header: 0]
[label_column: ]
[weight_column: ]
[group_column: ]
[ignore_column: ]
[categorical_feature: ]
[forcedbins_filename: ]
[precise_float_parser: 0]
[parser_config_file: ]
[objective_seed: 16083]
[num_class: 1]
[is_unbalance: 0]
[scale_pos_weight: 4.73394]
[sigmoid: 1]
[boost_from_average: 1]
[reg_sqrt: 0]
[alpha: 0.9]
[fair_c: 1]
[poisson_max_delta_step: 0.7]
[tweedie_variance_power: 1.5]
[lambdarank_truncation_level: 30]
[lambdarank_norm: 1]
[label_gain: ]
[lambdarank_position_bias_regularization: 0]
[eval_at: ]
[multi_error_top_k: 1]
[auc_mu_weights: ]
[num_machines: 1]
[local_listen_port: 12400]
[time_out: 120]
[machine_list_filename: ]
[machines: ]
[gpu_platform_id: -1]
[gpu_device_id: -1]
[gpu_use_dp: 0]
[num_gpu: 1]

end of parameters

pandas_categorical:[]
