tree
version=v4
num_class=1
num_tree_per_iteration=1
label_index=0
max_feature_idx=60
objective=binary sigmoid:1
feature_names=Candle Buy_Qty Sell_Qty Candle_Delta Agg._Liq_Long Agg._Liq_Short CVD Long/Short_Ratio_(Account) Whale_Ind Agg._OI Agg._Funding_Rate RSI Net_Shorts Net_Longs Price_Low Price_High Mid_Price Bid_Qty Ask_Qty Bid_USD Ask_USD Delta_Qty Delta_USD Bid_Trades Ask_Trades total_qty atr cvd_delta btc_cvd_mom ema_fast ema_slow macro_score macro z_cvd_4 z_btc_4 z_cvd_10 z_btc_10 z_cvd_20 z_btc_20 vol_regime z_oi z_ls funding liq_long_5 liq_short_5 z_bid_qty z_ask_qty z_delta_qty z_bid_trades z_ask_trades ema_8 ema_21 ema_50 pull_ema8 pull_ema21 pull_ema50 rsi stoch_k liq_long_5_mean liq_short_5_mean btc_CVD
feature_infos=[201:20113] [67.51300048828125:1779232.875] [51.636001586914062:1761169.5] [-395423.75:217662.953125] [0:478300.75] [0:667535.75] [-30181590:9271.7373046875] [0:8.3117303848266602] [0:3.4300000667572021] [0:4327009] [-0.032391998916864395:0.040426000952720642] [0:96.699996948242188] [0:1633625.75] [0:2693383.25] [55.375:118.41999816894531] [55.384998321533203:118.41999816894531] [55.380001068115234:118.41999816894531] [0:4259.1982421875] [0:31014.189453125] [0:325317.53125] [0:2626281.5] [-31014.189453125:3811.876220703125] [-445547.4375:2626281.5] [0:65] [0:422] [0:7701.13623046875] [0.01357269287109375:3.7278552055358887] [-1148656:390120] [-4433.75:4460] [56.020832061767578:112.34683990478516] [57.089839935302734:106.62400817871094] [-149.30433654785156:76.137710571289062] [-1:1] [-1.4993715286254883:1.5] [-1.499686598777771:1.498883843421936] [-2.792241096496582:2.7663404941558838] [-2.828277587890625:2.6770436763763428] [-3.9004216194152832:4.0659546852111816] [-3.9442787170410156:3.8075649738311768] [-1.5754498243331909:8.5755290985107422] [-6.2865095138549805:5.680607795715332] [-6.2412419319152832:7.3283877372741699] [-0.032391998916864395:0.040426000952720642] [0:2622307.5] [0:1762395.875] [-1.1486384868621826:2.8460497856140137] [-1.5282691717147827:2.8450541496276855] [-2.8450624942779541:2.7651193141937256] [-2.1213202476501465:2.8460497856140137] [-2.8460497856140137:2.7886059284210205] [55.356830596923828:117.27350616455078] [55.464553833007812:116.18283843994141] [55.525142669677734:115.01499938964844] [-6.8318099975585938:5.8397336006164551] [-8.1447792053222656:7.4423928260803223] [-8.9823675155639648:8.5974349975585938] [6.8955535888671875:100] [0:100] [0:492159.75] [0:229834.078125] [-2646461.75:-2477101.5]
tree_sizes=853 965 858 973 662 663 659 873 873 864 670 667 976 863 867 567 868 569 870 859 567 871 770 865 972 765 769 866 774 748 872 972 770 873 874 662 768 878 874 775 984 873 875 874 763 870 767 978 874 754 770 573 975 980 966 778 980 881 982 783 675 855 980 772 758 932 677 567 677 669 771 772 675 675 873 783 883 875 675 672 776 570 675 575 959 671 978 776 779 677 984 872 779 775 881 881 984 567 568 983

Tree=0
num_leaves=7
num_cat=0
split_feature=26 14 39 56 24 52
split_gain=78.0143 65.6862 54.8986 40.8515 29.3209 29.2215
threshold=0.22392871975898745 77.104999542236342 4.7146663665771493 18.842369079589847 47.500000000000007 75.514068603515639
decision_type=2 2 2 2 2 2
left_child=2 5 4 -3 -1 -2
right_child=1 3 -4 -5 -6 -7
leaf_value=-1.5249647594048057 -1.4279732713202424 -1.3594239366149794 -1.3594239366149792 -1.5269170517356772 -1.6409519064688254 -1.3379140804873453
leaf_weight=24.951275467872623 52.301942467689514 4.2885003089904812 4.2885003089904776 25.37576025724411 6.9332515597343436 11.187130272388456
leaf_count=130 192 11 11 133 49 25
internal_value=-1.46503 -1.44079 -1.52757 -1.50253 -1.55034 -1.41203
internal_weight=129.326 93.1533 36.173 29.6643 31.8845 63.4891
internal_count=551 361 190 144 179 217
is_linear=0
shrinkage=1


Tree=1
num_leaves=8
num_cat=0
split_feature=26 7 51 16 9 47 31
split_gain=57.2556 47.0135 46.1186 39.2934 33.3803 25.627 15.5138
threshold=0.22392871975898745 4.3914842605590829 76.17612457275392 60.145000457763679 2251261.1250000005 -0.10701432824134825 0.78728196024894725
decision_type=2 2 2 2 2 2 2
left_child=1 3 5 -1 -4 -2 -3
right_child=2 6 4 -5 -6 -7 -8
leaf_value=-0.059177447099099771 0.088903652164150943 -0.060052159614006978 0.051564336616482111 0.12702106366057403 0.19636962985660472 0.16177297684671466 0.038320170342794557
leaf_weight=3.3212510496377972 16.068130999803543 8.7852908521890658 27.992026537656784 18.051453843712807 4.6864176988601676 53.156252101063728 7.3171776533126822
leaf_count=23 64 61 138 67 11 148 39
internal_value=0.10228 0.049211 0.121748 0.0978525 0.0724839 0.144931 -0.0150399
internal_weight=139.378 37.4752 101.903 21.3727 32.6784 69.2244 16.1025
internal_count=551 190 361 90 149 212 100
is_linear=0
shrinkage=0.05


Tree=2
num_leaves=7
num_cat=0
split_feature=26 35 40 30 43 38
split_gain=46.2998 30.098 25.8461 51.6642 14.686 13.5551
threshold=0.078571047633886351 -1.4574314355850218 2.6036145687103276 82.227470397949233 11874.125000000002 1.7273777127265932
decision_type=2 2 2 2 2 2
left_child=1 -1 3 -2 -4 -3
right_child=2 5 4 -5 -6 -7
leaf_value=0.1256000081282945 0.10524247344364952 -0.060509067067148536 0.11586898343682246 0.010026494133836808 0.20694331987354975 0.10311784541559976
leaf_weight=3.854215830564498 98.082294106483459 9.1148086190223676 10.808274060487749 16.805594757199287 8.0482140928506833 1.4508023858070362
leaf_count=13 335 62 34 89 12 6
internal_value=0.0911891 0.00569803 0.100369 0.091358 0.155006 -0.0375676
internal_weight=148.164 14.4198 133.744 114.888 18.8565 10.5656
internal_count=551 81 470 424 46 68
is_linear=0
shrinkage=0.05


Tree=3
num_leaves=8
num_cat=0
split_feature=26 27 7 35 31 37 33
split_gain=38.4549 37.5071 42.9693 38.7432 31.454 32.9794 24.6956
threshold=0.22392871975898745 12829.000000000002 4.3533446788787851 -1.1741612553596494 3.7441163063049321 -1.9060878753662107 -1.3918294906616209
decision_type=2 2 2 2 2 2 2
left_child=1 3 -3 -1 6 -6 -2
right_child=4 2 -4 -5 5 -7 -8
leaf_value=0.067216325061693477 -0.0080685515865786643 0.16797543905917353 0.0050411672489053712 -0.060908921341140676 0.14058947183381384 -0.017536168528895064 0.11244342233863835
leaf_weight=11.158488065004351 4.3678590059280387 9.3955721259117144 7.2213148921728125 12.519469037652014 4.7193706631660453 10.811720371246336 95.748344764113426
leaf_count=46 21 20 40 84 12 59 269
internal_value=0.0821589 0.0398839 0.0974689 -0.000317375 0.0968456 0.0301909 0.107136
internal_weight=155.942 40.2948 16.6169 23.678 115.647 15.5311 100.116
internal_count=551 190 60 130 361 71 290
is_linear=0
shrinkage=0.05


Tree=4
num_leaves=5
num_cat=0
split_feature=29 1 55 22
split_gain=33.7522 31.5583 23.7672 21.289
threshold=57.72746658325196 13634.472656250002 -3.6160697937011714 275.45500183105474
decision_type=2 2 2 2
left_child=-1 2 -2 -3
right_child=1 3 -4 -5
leaf_value=-0.062383280595259362 0.13717524428057268 0.11454612394878672 -0.0043282140169518543 0.072768911434509281
leaf_weight=4.3325752466917029 3.5849323272705105 47.031209349632263 16.891739331185818 90.883990988135338
leaf_count=27 9 123 94 298
internal_value=0.0746608 0.078441 0.0202012 0.0870518
internal_weight=162.724 158.392 20.4767 137.915
internal_count=551 524 103 421
is_linear=0
shrinkage=0.05


Tree=5
num_leaves=5
num_cat=0
split_feature=29 1 35 40
split_gain=29.1455 26.0665 28.3646 17.1305
threshold=57.72746658325196 16975.970703125004 -1.1495233774185178 2.6036145687103276
decision_type=2 2 2 2
left_child=-1 2 -2 -3
right_child=1 3 -4 -5
leaf_value=-0.061538404984007422 0.087748060563577104 0.072096480779741498 -0.025052808475789223 0.12082854542042804
leaf_weight=4.1764149442315093 9.5247241854667681 120.14221209287643 13.333370223641394 21.683829933404922
leaf_count=27 32 369 80 43
internal_value=0.068261 0.0715831 0.0217314 0.0795824
internal_weight=168.861 164.684 22.8581 141.826
internal_count=551 524 112 412
is_linear=0
shrinkage=0.05


Tree=6
num_leaves=5
num_cat=0
split_feature=29 3 3 60
split_gain=25.4 22.3218 28.8476 26.2237
threshold=57.72746658325196 -34687.160156249993 -24868.430664062496 -2612072.7499999995
decision_type=2 2 2 2
left_child=-1 3 -3 -2
right_child=1 2 -4 -5
leaf_value=-0.060747846231271656 -0.064467868665167335 -0.06627448284817547 0.061582168578880582 0.11914651436023048
leaf_weight=4.0231142193078986 2.0595422238111523 4.5212611556053153 136.70810021460056 26.908075720071793
leaf_count=27 11 24 438 51
internal_value=0.0627825 0.0657319 0.0574536 0.105919
internal_weight=174.22 170.197 141.229 28.9676
internal_count=551 524 462 62
is_linear=0
shrinkage=0.05


Tree=7
num_leaves=7
num_cat=0
split_feature=26 51 27 51 35 10
split_gain=23.3973 28.4565 28.269 21.935 28.6029 17.4179
threshold=0.22392871975898745 58.513055801391609 50333.000000000007 80.704978942871108 -1.2405459284782407 0.00061250000726431619
decision_type=2 2 2 2 2 2
left_child=1 -1 -3 5 -5 -2
right_child=3 2 -4 4 -6 -7
leaf_value=-0.061463366588271798 0.091430365304913441 0.022865918279337018 0.13341931505857568 0.08953093111553885 -0.017147525992266606 0.047318469001507553
leaf_weight=7.5964965373277655 76.098182797431946 29.825413353741169 7.2291619032621375 10.659074023365976 15.167553350329397 32.513255015015602
leaf_count=50 169 125 15 27 73 92
internal_value=0.0579599 0.0264179 0.0445693 0.0683987 0.0266868 0.0782713
internal_weight=179.089 44.6511 37.0546 134.438 25.8266 108.611
internal_count=551 190 140 361 100 261
is_linear=0
shrinkage=0.05


Tree=8
num_leaves=7
num_cat=0
split_feature=26 35 44 33 27 46
split_gain=20.5749 19.1961 14.3769 13.3733 13.2821 6.56321
threshold=0.078571047633886351 -1.4574314355850218 120242.08593750001 -1.3918294906616209 36617.000000000007 0.44897332787513738
decision_type=2 2 2 2 2 2
left_child=1 -1 3 -2 -3 -4
right_child=2 4 5 -5 -6 -7
leaf_value=0.081673808966868475 -0.0036379501478633332 -0.060916415818693385 -0.064269833472400353 0.064669347464894958 0.10105187279712305 0.050055243267683583
leaf_weight=4.8081938326358786 7.3679673373699179 9.2616672739386541 3.3661468327045432 154.96880113333464 1.4463067948818196 1.960053041577339
leaf_count=13 29 63 19 416 5 6
internal_value=0.0537799 -0.000988134 0.0588782 0.0615383 -0.0385727 -0.0212592
internal_weight=183.179 15.5162 167.663 162.337 10.708 5.3262
internal_count=551 81 470 445 68 25
is_linear=0
shrinkage=0.05


Tree=9
num_leaves=7
num_cat=0
split_feature=3 3 45 49 38 6
split_gain=18.6168 25.5242 21.3516 13.4565 18.4606 3.53614
threshold=-34687.160156249993 -24868.430664062496 2.3058664798736577 -0.55138319730758656 1.053931772708893 -26074313.999999996
decision_type=2 2 2 2 2 2
left_child=3 -2 -3 5 -5 -1
right_child=1 2 -4 4 -6 -7
leaf_value=0.13883600102848898 -0.066916302275298309 0.049723403952751773 -0.066551856926441777 -0.0058858492760926716 0.10279006535734417 0.088993426754612248
leaf_weight=9.056119844317438 5.0879667550325385 145.98418969660997 4.0215178951621047 7.3281785547733298 8.175208166241644 7.2572021335363415
leaf_count=10 27 438 22 27 14 13
internal_value=0.0500298 0.0428175 0.0465728 0.0850294 0.0510984 0.116969
internal_weight=186.91 155.094 150.006 31.8167 15.5034 16.3133
internal_count=551 487 460 64 41 23
is_linear=0
shrinkage=0.05


Tree=10
num_leaves=5
num_cat=0
split_feature=29 47 7 38
split_gain=19.6216 17.0028 24.8676 21.7637
threshold=57.72746658325196 -0.083429079502820955 1.5714685320854189 -1.8996772766113279
decision_type=2 2 2 2
left_child=-1 2 -2 -3
right_child=1 3 -4 -5
leaf_value=-0.061654847577757889 -0.066710690254527735 -0.0078094751527782759 0.037656764109794551 0.063966983688077017
leaf_weight=4.052080310881137 6.5820554345846167 11.389170959591864 41.766558021306992 126.50361102074385
leaf_count=27 36 44 127 317
internal_value=0.0466489 0.0490321 0.023345 0.0580024
internal_weight=190.293 186.241 48.3486 137.893
internal_count=551 524 163 361
is_linear=0
shrinkage=0.05


Tree=11
num_leaves=5
num_cat=0
split_feature=29 1 56 22
split_gain=17.5733 16.2601 16.5653 13.7278
threshold=57.72746658325196 13634.472656250002 60.762577056884773 275.45500183105474
decision_type=2 2 2 2
left_child=-1 2 -2 -3
right_child=1 3 -4 -5
leaf_value=-0.060863789251428858 0.032203794457137121 0.071165509430190413 -0.062940433087150374 0.040715556061660607
leaf_weight=3.9032813832163802 16.919495373964313 57.375085607171059 6.2569162324070922 108.81255927681923
leaf_count=27 65 123 38 298
internal_value=0.0436027 0.0457824 0.00630205 0.0512583
internal_weight=193.267 189.364 23.1764 166.188
internal_count=551 524 103 421
is_linear=0
shrinkage=0.05


Tree=12
num_leaves=8
num_cat=0
split_feature=26 7 27 31 27 34 22
split_gain=16.543 23.7949 21.4896 18.069 23.4797 15.8787 10.8557
threshold=0.22392871975898745 4.3914842605590829 12829.000000000002 2.0885664224624638 -7706.2812499999991 0.66903269290924083 -2380.7285156249995
decision_type=2 2 2 2 2 2 2
left_child=1 2 -1 5 -5 -2 -3
right_child=3 6 -4 4 -6 -7 -8
leaf_value=0.0052504746448385894 0.069635410895344516 0.0094337577822291852 0.092073133911934529 0.051907334113704795 -0.034094072915317422 0.027015633050373817 -0.065406454380621537
leaf_weight=16.226737305521969 84.849815249443054 9.5818530693650263 12.894506573677061 19.114461362361908 13.507069796323774 30.023028388619423 9.6004937067627889
leaf_count=67 169 45 23 50 60 82 55
internal_value=0.0408646 0.0153176 0.0438661 0.0491972 0.0161448 0.0585399 -0.0277621
internal_weight=195.798 48.3036 29.1212 147.494 32.6215 114.873 19.1823
internal_count=551 190 90 361 110 251 100
is_linear=0
shrinkage=0.05


Tree=13
num_leaves=7
num_cat=0
split_feature=24 43 24 57 7 14
split_gain=15.765 33.1098 21.0574 17.7976 14.1988 9.42061
threshold=47.500000000000007 14680.174804687502 36.500000000000007 95.076469421386733 3.4539176225662236 57.780000686645515
decision_type=2 2 2 2 2 2
left_child=2 5 3 -1 -4 -2
right_child=1 -3 4 -5 -6 -7
leaf_value=0.039121483029335456 0.054157349914250856 0.09605714983138755 0.028802374824357203 -0.071209470668764208 0.11640436689336185 -0.067609547855036783
leaf_weight=153.7264466881752 1.8107329905033136 5.5638247579336158 6.9285823702812221 3.7127307951450339 15.019487008452414 10.987942554056643
leaf_count=414 6 9 21 18 21 62
internal_value=0.0384179 -0.00546659 0.0429379 0.0364879 0.0889779 -0.0499915
internal_weight=197.75 18.3625 179.387 157.439 21.9481 12.7987
internal_count=551 77 474 432 42 68
is_linear=0
shrinkage=0.05


Tree=14
num_leaves=7
num_cat=0
split_feature=40 30 24 18 46 28
split_gain=15.0461 23.7084 21.9969 21.8161 9.44214 9.21742
threshold=2.6036145687103276 82.227470397949233 47.500000000000007 3.9559999704360966 -0.60584527254104603 375.50000000000006
decision_type=2 2 2 2 2 2
left_child=1 2 -1 -3 -2 -6
right_child=4 3 -4 -5 5 -7
leaf_value=0.044103415282269076 -0.0076278877555852991 0.076963436655163558 -0.020431510047132555 -0.042795503877892486 0.061605863800160865 0.13186539292136845
leaf_weight=136.07363134622574 3.2187207043170956 4.8215363323688534 14.511786095798014 17.733882144093513 16.569682165980343 6.8264116048812857
leaf_count=343 10 11 68 81 32 6
internal_value=0.036111 0.03068 0.037851 -0.0169737 0.0712537 0.0823196
internal_weight=199.756 173.141 150.585 22.5554 26.6148 23.3961
internal_count=551 503 411 92 48 38
is_linear=0
shrinkage=0.05


Tree=15
num_leaves=4
num_cat=0
split_feature=46 29 47
split_gain=14.8077 14.9258 15.1603
threshold=-1.0438035726547239 57.72746658325196 -0.083429079502820955
decision_type=2 2 2
left_child=-1 -2 -3
right_child=1 2 -4
leaf_value=-0.068243620315922529 -0.061578457983484505 0.014111747432056801 0.046077249657314807
leaf_weight=3.446474961936473 3.8191069960594168 50.704316399991512 143.43627499043941
leaf_count=18 26 163 344
internal_value=0.0340074 0.0358128 0.0377545
internal_weight=201.406 197.96 194.141
internal_count=551 533 507
is_linear=0
shrinkage=0.05


Tree=16
num_leaves=7
num_cat=0
split_feature=3 3 33 57 13 60
split_gain=13.5855 20.2073 18.3977 15.9042 11.5085 6.70733
threshold=-34687.160156249993 -24868.430664062496 -1.3918294906616209 9.9973297119140643 1295555.8750000002 -2571586.7499999995
decision_type=2 2 2 2 2 2
left_child=2 -2 4 -3 -1 -4
right_child=1 3 5 -5 -6 -7
leaf_value=-0.07284394072424917 -0.069716237348541349 -0.029938640027363701 0.038525918739825304 0.033387725137341083 0.053848037068307875 0.094889269787278574
leaf_weight=3.6495610028505316 5.2955087050795546 10.520388416945933 7.6720145046710995 152.56147596985102 3.4975100159645081 19.777433663606644
leaf_count=17 27 43 17 417 7 23
internal_value=0.0320448 0.026129 0.0606917 0.0292719 -0.010146 0.0793181
internal_weight=202.974 168.377 34.5965 163.082 7.14707 27.4494
internal_count=551 487 64 460 24 40
is_linear=0
shrinkage=0.05


Tree=17
num_leaves=4
num_cat=0
split_feature=46 29 47
split_gain=13.2435 13.0713 13.1837
threshold=-1.0438035726547239 57.72746658325196 -0.083429079502820955
decision_type=2 2 2
left_child=-1 -2 -3
right_child=1 2 -4
leaf_value=-0.067411632916454703 -0.060894002245440497 0.011731883176493227 0.041351936861752536
leaf_weight=3.3814834505319586 3.6861559078097335 51.294706039130688 145.88005172461271
leaf_count=18 26 163 344
internal_value=0.0302424 0.0319113 0.0336717
internal_weight=204.242 200.861 197.175
internal_count=551 533 507
is_linear=0
shrinkage=0.05


Tree=18
num_leaves=7
num_cat=0
split_feature=26 51 31 54 39 34
split_gain=13 18.7928 15.0611 16.3269 14.2312 13.451
threshold=0.22392871975898745 58.513055801391609 2.0885664224624638 -1.7966595888137815 4.7146663665771493 0.66903269290924083
decision_type=2 2 2 2 2 2
left_child=1 -1 5 -4 -3 -2
right_child=2 4 3 -5 -6 -7
leaf_value=-0.064008445101439229 0.054066631248312819 0.0068959225825914452 0.059448825085400607 -0.015863364045010018 0.085536469055692468 0.015721491213828757
leaf_weight=7.9424299597740164 88.945022404193878 35.931156657636166 10.230155453085898 24.137018695473671 6.8946136236190787 31.332400664687157
leaf_count=50 169 131 21 89 9 82
internal_value=0.0285569 0.00648313 0.0357712 0.0064095 0.0196732 0.0441193
internal_weight=205.413 50.7682 154.645 34.3672 42.8258 120.277
internal_count=551 190 361 110 140 251
is_linear=0
shrinkage=0.05


Tree=19
num_leaves=7
num_cat=0
split_feature=40 30 18 2 43 28
split_gain=12.5238 19.7266 18.3567 17.8827 8.51563 15.13
threshold=2.6036145687103276 82.227470397949233 3.9559999704360966 92441.074218750015 11874.125000000002 375.50000000000006
decision_type=2 2 2 2 2 2
left_child=1 3 -3 -1 5 -2
right_child=4 2 -4 -5 -6 -7
leaf_value=0.010963659088350897 -0.0066548143861064812 0.062411090284493521 -0.044508338655573784 0.045011351169187468 0.091630717242282597 0.091923726160975661
leaf_weight=75.025062635540962 9.1989442855119723 5.12880511581898 18.096636116504669 80.4098144993186 11.519622787833212 6.6413869708776465
leaf_count=243 28 11 81 168 12 8
internal_value=0.0270429 0.0221736 -0.0206824 0.0286094 0.0586564 0.0343606
internal_weight=206.02 178.66 23.2254 155.435 27.36 15.8403
internal_count=551 503 92 411 48 36
is_linear=0
shrinkage=0.05


Tree=20
num_leaves=4
num_cat=0
split_feature=46 29 47
split_gain=11.4822 11.3918 11.3621
threshold=-1.0438035726547239 57.72746658325196 -0.083429079502820955
decision_type=2 2 2
left_child=-1 -2 -3
right_child=1 2 -4
leaf_value=-0.06665305962159479 -0.060801209023084807 0.0084779171933496451 0.035812759332766314
leaf_weight=3.2865637615323058 3.5815914794802657 51.876514866948128 147.8244276419282
leaf_count=18 26 163 344
internal_value=0.0256185 0.0271348 0.028737
internal_weight=206.569 203.283 199.701
internal_count=551 533 507
is_linear=0
shrinkage=0.05


Tree=21
num_leaves=7
num_cat=0
split_feature=40 30 38 34 46 28
split_gain=11.2195 17.5837 19.3721 17.5871 8.57087 6.77955
threshold=2.6036145687103276 82.227470397949233 -1.8996772766113279 -0.32048834860324854 -0.60584527254104603 375.50000000000006
decision_type=2 2 2 2 2 2
left_child=1 2 -1 -3 -2 -6
right_child=4 3 -4 -5 5 -7
leaf_value=-0.036728651726981115 -0.020327673360328709 0.017438879014376931 0.030641357337244792 -0.070109445407895973 0.046682745383974308 0.10565762973752223
leaf_weight=11.450782991945742 3.2984430491924313 12.970854863524439 145.21854976564646 10.197261810302733 16.934355176985267 7.2127132415771475
leaf_count=47 10 41 364 51 32 6
internal_value=0.0242469 0.0196588 0.0256854 -0.020879 0.054128 0.0645056
internal_weight=207.283 179.837 156.669 23.1681 27.4455 24.1471
internal_count=551 503 411 92 48 38
is_linear=0
shrinkage=0.05


Tree=22
num_leaves=6
num_cat=0
split_feature=33 33 1 36 38
split_gain=11.012 14.3906 22.1416 14.2285 13.7167
threshold=-1.3918294906616209 -0.57931482791900624 16975.970703125004 -1.9798543453216551 -1.2913165092468259
decision_type=2 2 2 2 2
left_child=3 4 -3 -1 -2
right_child=1 2 -4 -5 -6
leaf_value=0.052796120823617579 -0.0036703040487684859 -0.0470821865298853 0.022218540651395526 -0.07381979331204061 0.052615220972866028
leaf_weight=3.3892296701669693 12.915105827152727 12.831450119614599 110.3332574814558 6.2750650048255903 62.009498171508312
leaf_count=7 45 71 280 30 118
internal_value=0.0229756 0.0255317 0.0149581 -0.0288987 0.0428463
internal_weight=207.754 198.089 123.165 9.66429 74.9246
internal_count=551 514 351 37 163
is_linear=0
shrinkage=0.05


Tree=23
num_leaves=7
num_cat=0
split_feature=3 3 45 33 31 6
split_gain=10.903 16.9979 15.6371 14.6535 11.9672 6.32693
threshold=-34687.160156249993 -24868.430664062496 2.3058664798736577 -1.3918294906616209 3.0332261323928837 -19459608.999999996
decision_type=2 2 2 2 2 2
left_child=3 -2 -3 4 -1 -5
right_child=1 2 -4 5 -6 -7
leaf_value=-0.075107290766842597 -0.071250527706469585 0.021955451878710508 -0.073113458273721801 0.078770712412056701 0.053977127269022575 0.024286265090590932
leaf_weight=3.922117590904235 5.3117385655641547 163.31777755916119 4.4203221797943106 20.064703777432442 3.2789402902126312 7.6592511683702496
leaf_count=18 27 438 22 23 6 17
internal_value=0.0217959 0.0166083 0.0194203 0.0473567 -0.0156355 0.0638987
internal_weight=207.975 173.05 167.738 34.925 7.20106 27.724
internal_count=551 487 460 64 24 40
is_linear=0
shrinkage=0.05


Tree=24
num_leaves=8
num_cat=0
split_feature=26 27 13 22 41 49 1
split_gain=10.1518 17.211 19.2373 13.007 23.3953 9.88098 7.05546
threshold=0.22392871975898745 50333.000000000007 1179160.9375000002 275.45500183105474 1.6526341438293459 -0.87533402442932118 44957.390625000007
decision_type=2 2 2 2 2 2 2
left_child=1 2 -1 5 -5 -2 -3
right_child=3 6 -4 4 -6 -7 -8
leaf_value=-0.033396602746336837 0.0061105842674172694 0.10002088684571209 0.043537013753352394 0.026796516530314996 -0.038906167274396997 0.058274804617029219 0.015209381994220587
leaf_weight=30.47093091905117 11.849026426672934 5.2793890684843046 11.039865888655184 86.494360849261284 16.011651575565338 42.178779795765877 4.8765129894018173
leaf_count=142 30 8 26 202 59 70 14
internal_value=0.0206791 0.00135939 -0.0128155 0.0270239 0.0164848 0.046927 0.0597897
internal_weight=208.201 51.6667 41.5108 156.534 102.506 54.0278 10.1559
internal_count=551 190 168 361 261 100 22
is_linear=0
shrinkage=0.05


Tree=25
num_leaves=6
num_cat=0
split_feature=40 51 48 43 39
split_gain=10.0464 15.3554 12.4127 8.19906 15.7656
threshold=2.6036145687103276 93.598289489746108 2.3002762794494633 11874.125000000002 1.4572251439094546
decision_type=2 2 2 2 2
left_child=1 2 -1 4 -2
right_child=3 -3 -4 -5 -6
leaf_value=0.019906005423622093 0.07399936008883716 -0.067005151589093689 -0.072079270656315864 0.08056892289109388 -0.025039507594625074
leaf_weight=171.65994146466255 8.0243646949529666 5.4661396592855445 3.7254267558455458 11.389942690730093 7.9489503800868979
leaf_count=455 10 29 19 12 26
internal_value=0.0196418 0.015329 0.0179236 0.0479634 0.0244007
internal_weight=208.215 180.852 175.385 27.3633 15.9733
internal_count=551 503 474 48 36
is_linear=0
shrinkage=0.05


Tree=26
num_leaves=6
num_cat=0
split_feature=3 3 60 45 49
split_gain=9.49443 15.3519 13.9594 13.6876 5.41702
threshold=-34687.160156249993 -24868.430664062496 -2612072.7499999995 2.3058664798736577 -0.55138319730758656
decision_type=2 2 2 2 2
left_child=2 -2 -1 -3 -4
right_child=1 3 4 -5 -6
leaf_value=-0.072758352068371668 -0.07050036161872146 0.018801457476474246 0.070726001297807525 -0.071719329408955798 0.028837869411622731
leaf_weight=2.4029647409915915 5.2108715027570716 164.20427402853966 17.226597815752029 4.263881340622901 14.974006369709967
leaf_count=11 27 438 21 22 32
internal_value=0.0186499 0.0138423 0.0426358 0.0164807 0.0514024
internal_weight=208.283 173.679 34.6036 168.468 32.2006
internal_count=551 487 64 460 53
is_linear=0
shrinkage=0.05


Tree=27
num_leaves=7
num_cat=0
split_feature=26 49 54 8 35 20
split_gain=9.1787 13.3886 20.4331 8.74087 12.1367 9.31777
threshold=0.078571047633886351 -1.1480387449264524 -2.9346866607666011 2.0398695468902592 1.4682428836822512 181.29000091552737
decision_type=2 2 2 2 2 2
left_child=1 -1 -3 4 -2 -5
right_child=3 2 -4 5 -6 -7
leaf_value=0.077295682870374957 0.020450521321990382 0.085032692107689295 -0.065877646212531699 -0.078538754710712477 -0.025259532270578429 0.048084257532587514
leaf_weight=3.0917595252394703 137.63428626954556 2.7457846999168405 11.778836626559492 1.4859505221247662 16.141040407121181 35.408804029226303
leaf_count=7 338 4 70 7 55 70
internal_value=0.017713 -0.0166607 -0.0370048 0.0209151 0.01562 0.0428489
internal_weight=208.286 17.6164 14.5246 190.67 153.775 36.8948
internal_count=551 81 74 470 393 77
is_linear=0
shrinkage=0.05


Tree=28
num_leaves=6
num_cat=0
split_feature=33 3 38 36 60
split_gain=9.14528 16.4433 13.3201 11.7884 5.18898
threshold=-1.3918294906616209 -34687.160156249993 0.071165237575769438 -1.9798543453216551 -2571586.7499999995
decision_type=2 2 2 2 2
left_child=3 4 -3 -1 -2
right_child=1 2 -4 -5 -6
leaf_value=0.043032187560511553 0.019143520842036806 0.025206572484232078 -0.0029747122529105723 -0.072579112249490707 0.068960189338879249
leaf_weight=3.3889813274145126 7.5426224470138576 99.666653372347355 71.880629632622004 6.1238099187612516 19.641127958893776
leaf_count=7 17 252 222 30 23
internal_value=0.0168248 0.0191328 0.0133691 -0.0308664 0.0553216
internal_weight=208.244 198.731 171.547 9.51279 27.1838
internal_count=551 514 474 37 40
is_linear=0
shrinkage=0.05


Tree=29
num_leaves=6
num_cat=0
split_feature=39 47 47 12 41
split_gain=8.33992 13.492 10.1879 7.63955 3.55574
threshold=4.1217122077941903 1.0697421431541445 0.21365536004304889 571348.62500000012 0.58362799882888805
decision_type=2 2 2 2 2
left_child=1 2 -1 -2 -5
right_child=3 -3 -4 4 -6
leaf_value=0 -0.019155520521625325 -0.075164148351584747 0.024133970392145168 0.078360353919177214 0.03135590018702198
leaf_weight=71.570042081177235 3.651946313679221 4.2636056765913954 110.93944945931435 10.431564629077913 7.2900265306234351
leaf_count=224 13 21 266 12 15
internal_value=0.0159913 0.0125686 0.0146456 0.0456664 0.0593066
internal_weight=208.147 186.773 182.509 21.3735 17.7216
internal_count=551 511 490 40 27
is_linear=0
shrinkage=0.05


Tree=30
num_leaves=7
num_cat=0
split_feature=40 30 38 34 43 13
split_gain=8.83833 13.7196 16.3567 14.8788 7.39175 7.70403
threshold=2.6036145687103276 82.227470397949233 -1.8996772766113279 -0.32048834860324854 11874.125000000002 1216384.5625000002
decision_type=2 2 2 2 2 2
left_child=1 2 -1 -3 5 -2
right_child=4 3 -4 -5 -6 -7
leaf_value=-0.04071966656659038 0.040288185849977176 0.0099083506185435773 0.021044278367049408 -0.070222253176863564 0.073559466329711692 -0.039336381945253851
leaf_weight=11.516243971884249 11.790644943714144 13.358266592025759 146.31207146495581 10.110838100314139 11.050986900925635 4.0356249511241904
leaf_count=47 23 41 364 51 12 13
internal_value=0.0151874 0.011183 0.0165059 -0.0244001 0.0420125 0.0196684
internal_weight=208.175 181.297 157.828 23.4691 26.8773 15.8263
internal_count=551 503 411 92 48 36
is_linear=0
shrinkage=0.05


Tree=31
num_leaves=8
num_cat=0
split_feature=26 27 39 22 31 29 47
split_gain=8.48542 15.2685 23.8665 11.342 22.8947 8.82012 5.6157
threshold=0.22392871975898745 50333.000000000007 4.1217122077941903 275.45500183105474 -0.18258658796548841 57.72746658325196 0.40574227273464208
decision_type=2 2 2 2 2 2 2
left_child=1 2 -1 5 -5 -2 -3
right_child=3 6 -4 4 -6 -7 -8
leaf_value=-0.036729879102892611 -0.06568211103404073 0.011529728509680988 0.05482091630068342 0.028100872013867951 -0.021219430937688914 0.042901734699157444 0.086464240358936559
leaf_weight=32.491977341473103 1.9048117548227299 4.9610895961523038 9.0834420248866063 65.82895439863205 36.51531819999218 51.687171056866646 5.423005148768425
leaf_count=152 10 15 16 136 125 90 7
internal_value=0.0144448 -0.00297092 -0.0166075 0.0202799 0.0104551 0.0389491 0.0511451
internal_weight=207.896 51.9595 41.5754 155.936 102.344 53.592 10.3841
internal_count=551 190 168 361 261 100 22
is_linear=0
shrinkage=0.05


Tree=32
num_leaves=6
num_cat=0
split_feature=40 50 60 46 28
split_gain=7.98959 12.5267 10.3187 7.84822 6.55387
threshold=2.6036145687103276 93.072971343994155 -2489766.6249999995 -0.60584527254104603 375.50000000000006
decision_type=2 2 2 2 2
left_child=1 2 -1 -2 -5
right_child=3 -3 -4 4 -6
leaf_value=0.014744136995545047 -0.033772780300940428 -0.065797805108128202 -0.047620936695493679 0.031567784856913243 0.089952050570184974
leaf_weight=168.39744436368346 3.1493184864521053 5.2761677578091613 6.8703108578920355 16.373413115739826 7.0978229045867911
leaf_count=447 10 29 27 32 6
internal_value=0.0137693 0.00996181 0.012271 0.0394047 0.0494365
internal_weight=207.164 180.544 175.268 26.6206 23.4712
internal_count=551 503 474 48 38
is_linear=0
shrinkage=0.05


Tree=33
num_leaves=7
num_cat=0
split_feature=26 51 27 25 20 34
split_gain=7.69271 14.1909 13.82 10.3613 15.3781 13.1694
threshold=0.22392871975898745 58.513055801391609 50333.000000000007 41.847499847412116 34495.943359375007 0.66903269290924083
decision_type=2 2 2 2 2 2
left_child=1 -1 -3 5 -5 -2
right_child=3 2 -4 4 -6 -7
leaf_value=-0.065204237547210414 0.022229438463186542 -0.0069562570687905396 0.061640810120053763 0.062803201987442006 -0.023795101286091268 -0.014093704845160884
leaf_weight=7.9170448482036582 90.166594460606575 34.493184030056 9.3020858615636808 24.421300783753399 6.3933413773775092 34.326077774167061
leaf_count=50 204 125 15 32 19 106
internal_value=0.0130876 -0.00353456 0.00749955 0.0186545 0.0446738 0.012174
internal_weight=207.02 51.7123 43.7953 155.307 30.8146 124.493
internal_count=551 190 140 361 51 310
is_linear=0
shrinkage=0.05


Tree=34
num_leaves=7
num_cat=0
split_feature=40 30 38 38 43 39
split_gain=7.36205 11.5324 14.2717 13.6692 7.20501 13.3439
threshold=2.6036145687103276 82.227470397949233 -1.8996772766113279 -0.20990811288356778 11874.125000000002 1.4572251439094546
decision_type=2 2 2 2 2 2
left_child=1 2 -1 -3 5 -2
right_child=4 3 -4 -5 -6 -7
leaf_value=-0.040223862075324336 0.062368733690575551 0.0085596840458533694 0.017909665823494136 -0.06904458938446692 0.068817559702023468 -0.029763188073762017
leaf_weight=11.335365526378153 7.6797365546226519 13.290897309780123 145.66875003278255 9.7797711044549924 10.754214748740194 7.9741926640272141
leaf_count=47 10 41 364 51 12 26
internal_value=0.0124619 0.00880996 0.0136807 -0.0241204 0.0371748 0.0151168
internal_weight=206.483 180.075 157.004 23.0707 26.4081 15.6539
internal_count=551 503 411 92 48 36
is_linear=0
shrinkage=0.05


Tree=35
num_leaves=5
num_cat=0
split_feature=29 41 3 27
split_gain=8.28972 7.88494 11.6928 6.20915
threshold=57.72746658325196 -2.3225902318954463 33211.817382812507 57931.000000000007
decision_type=2 2 2 2
left_child=-1 3 -3 -2
right_child=1 2 -4 -5
leaf_value=-0.062255896686270573 0.022202235302919218 0.013176735818938211 -0.035564108373620805 0.076499295124409533
leaf_weight=3.6807496286928645 17.003409981727604 164.0796153396368 13.25549755990505 7.9117462784051886
leaf_count=27 38 431 46 9
internal_value=0.0118691 0.0132429 0.00950525 0.0396448
internal_weight=205.931 202.25 177.335 24.9152
internal_count=551 524 477 47
is_linear=0
shrinkage=0.05


Tree=36
num_leaves=6
num_cat=0
split_feature=33 3 3 36 6
split_gain=7.47351 14.3974 11.9405 11.0473 5.07671
threshold=-1.3918294906616209 -34687.160156249993 -24868.430664062496 -1.9798543453216551 -19459608.999999996
decision_type=2 2 2 2 2
left_child=3 4 -3 -1 -2
right_child=1 2 -4 -5 -6
leaf_value=0.03985899591772929 0.061692627900560383 -0.071365587836284536 0.010282634927439889 -0.072801596169000629 0.011283809012947267
leaf_weight=3.3389893472194672 18.888698488473896 4.5893342420458785 165.82300712168217 6.0410305187106115 7.1438185125589362
leaf_count=7 23 24 450 30 17
internal_value=0.0112803 0.0133802 0.00805445 -0.032165 0.0480516
internal_weight=205.825 196.445 170.412 9.38002 26.0325
internal_count=551 514 474 37 40
is_linear=0
shrinkage=0.05


Tree=37
num_leaves=7
num_cat=0
split_feature=18 3 47 12 34 39
split_gain=7.14725 25.0449 19.2445 22.0228 13.8583 12.489
threshold=163.6705017089844 22478.387695312504 -0.10701432824134825 685915.06250000012 1.1231184601783755 -0.44368180632591242
decision_type=2 2 2 2 2 2
left_child=1 4 3 -2 -1 -4
right_child=2 -3 5 -5 -6 -7
leaf_value=0.014281495930755143 -0.051972231438822118 -0.086562516468221218 -0.035031885485067318 0.021861414978820444 -0.054149837575565712 0.044893546163399523
leaf_weight=85.355216138064861 16.095964249223471 7.5141588747501364 5.2834771797060958 27.035957060754299 8.0792097598314268 56.027587376534939
leaf_count=215 73 33 22 66 33 109
internal_value=0.0107393 0.0011993 0.0199122 -0.00557589 0.00831077 0.0379244
internal_weight=205.392 100.949 104.443 43.1319 93.4344 61.3111
internal_count=551 281 270 139 248 131
is_linear=0
shrinkage=0.05


Tree=38
num_leaves=7
num_cat=0
split_feature=27 27 41 41 55 3
split_gain=6.90945 13.8316 16.7514 15.2959 9.16366 15.3654
threshold=-33128.999999999993 14724.000000000002 2.5258151292800908 2.0370430946350102 3.494677066802979 13404.760742187502
decision_type=2 2 2 2 2 2
left_child=4 3 -3 -2 5 -1
right_child=1 2 -4 -5 -6 -7
leaf_value=0.023119294941078228 -0.024830840657256232 0.023558852007115692 -0.085180566287973589 0.038299268092344761 0.069267319939224734 -0.081804066688097518
leaf_weight=50.661896012723446 52.132018275558949 73.425669893622398 3.7041452676057807 11.709477312862871 9.5260687470436078 3.7307762503623954
leaf_count=113 196 170 16 25 14 17
internal_value=0.0102211 0.00399575 0.0182718 -0.0131735 0.0238728 0.0158307
internal_weight=204.89 140.971 77.1298 63.8415 63.9187 54.3927
internal_count=551 407 186 221 144 130
is_linear=0
shrinkage=0.05


Tree=39
num_leaves=6
num_cat=0
split_feature=33 3 10 36 36
split_gain=6.78963 12.8814 11.6337 10.0046 5.11916
threshold=-1.3918294906616209 -34687.160156249993 0.00061250000726431619 -1.9798543453216551 0.092801086604595198
decision_type=2 2 2 2 2
left_child=3 4 -3 -1 -2
right_child=1 2 -4 -5 -6
leaf_value=0.036274451004381779 0.011750610848328704 0.014445901265444814 -0.015446983508130108 -0.071563174894971979 0.06043585373828321
leaf_weight=3.3221779763698578 8.2625012099742907 125.96768562868237 43.750967152416706 5.881275497376917 17.266162604093552
leaf_count=7 18 340 134 30 22
internal_value=0.00972903 0.0117261 0.0067105 -0.0320937 0.0448744
internal_weight=204.451 195.247 169.719 9.20345 25.5287
internal_count=551 514 474 37 40
is_linear=0
shrinkage=0.05


Tree=40
num_leaves=8
num_cat=0
split_feature=38 36 55 43 38 49 30
split_gain=7.03435 21.7189 16.3874 14.7997 12.7915 19.6655 17.4576
threshold=0.17709361761808398 0.48418492078781133 4.2094593048095712 37001.275390625007 -1.2913165092468259 0.41791610419750219 89.453731536865249
decision_type=2 2 2 2 2 2 2
left_child=4 2 -2 -3 6 -6 -1
right_child=1 3 -4 -5 5 -7 -8
leaf_value=-0.020413206185830493 -0.079642720253249338 0.016093355264511673 0.057643330150935562 -0.076168915267701989 0.039438864058351335 -0.028669922169705243 0.074908169137377009
leaf_weight=32.851180665194988 12.579825446009634 66.348195999860764 2.5843712240457526 4.6377573162317267 66.981858320534229 12.503314442932604 5.6162221580743781
leaf_count=112 60 164 4 23 133 47 8
internal_value=0.00925963 -0.00154855 -0.0559159 0.00999511 0.0171961 0.0286622 -0.00636635
internal_weight=204.103 86.1501 15.1642 70.986 117.953 79.4852 38.4674
internal_count=551 251 64 187 300 180 120
is_linear=0
shrinkage=0.05


Tree=41
num_leaves=7
num_cat=0
split_feature=40 10 11 60 43 28
split_gain=6.65358 10.5353 16.9323 13.3385 6.62786 11.7065
threshold=2.6036145687103276 0.00061250000726431619 34.345001220703132 -2489766.6249999995 11874.125000000002 375.50000000000006
decision_type=2 2 2 2 2 2
left_child=1 3 -3 -1 5 -2
right_child=4 2 -4 -5 -6 -7
leaf_value=0.015540309715258792 -0.02484949701106174 0.017416781535931947 -0.042565629637807217 -0.077920519433914842 0.064071743403829873 0.064151748125284708
leaf_weight=126.86793487519026 8.9382167011499423 21.736047446727753 25.45296137034893 3.9205384552478781 10.20675879716873 6.2554380446672431
leaf_count=341 28 48 96 18 12 8
internal_value=0.00882288 0.00537274 -0.0148308 0.0127005 0.0328007 0.0114645
internal_weight=203.378 177.977 47.189 130.788 25.4004 15.1937
internal_count=551 503 144 359 48 36
is_linear=0
shrinkage=0.05


Tree=42
num_leaves=7
num_cat=0
split_feature=18 3 47 29 21 18
split_gain=6.26027 21.4955 16.546 16.4172 12.2021 9.7741
threshold=163.6705017089844 22478.387695312504 -0.10701432824134825 68.872772216796889 -114.51950073242186 297.83250427246099
decision_type=2 2 2 2 2 2
left_child=1 4 3 -2 -1 -4
right_child=2 -3 5 -5 -6 -7
leaf_value=-0.081962461914809076 -0.050989872166001926 -0.082822457260508409 0.051928856341464671 0.01490493064445602 0.0098124839662280614 0.011241969665451641
leaf_weight=3.7684616893529883 14.080274801701306 7.351083204150199 33.527003243565559 28.613722026348114 88.557583197951317 27.029932856559753
leaf_count=18 62 33 57 77 230 74
internal_value=0.00840044 -0.000488952 0.0170306 -0.00670975 0.00601236 0.0338506
internal_weight=202.928 99.6771 103.251 42.694 92.326 60.5569
internal_count=551 281 270 139 248 131
is_linear=0
shrinkage=0.05


Tree=43
num_leaves=7
num_cat=0
split_feature=26 35 36 8 27 46
split_gain=6.54976 10.5598 8.65004 6.74154 9.19642 8.0389
threshold=0.078571047633886351 -1.4574314355850218 1.9172633290290835 2.0398695468902592 -163220.99999999997 -0.58245512843132008
decision_type=2 2 2 2 2 2
left_child=1 -1 -3 4 -2 -5
right_child=3 2 -4 5 -6 -7
leaf_value=0.035800957265888236 0.040376046048342717 -0.065038222928490458 0.057015162356884586 -0.022687849324330076 0.0015392217704562564 0.040910844728661473
leaf_weight=5.4654606282711056 17.282911732792854 10.286907985806462 1.6466353759169585 5.8540611192584029 132.08390305191278 29.82304160296917
leaf_count=13 32 64 4 20 361 57
internal_value=0.00799683 -0.0212363 -0.0477778 0.0107725 0.00606642 0.0303351
internal_weight=202.443 17.399 11.9335 185.044 149.367 35.6771
internal_count=551 81 68 470 393 77
is_linear=0
shrinkage=0.05


Tree=44
num_leaves=6
num_cat=0
split_feature=48 18 3 8 18
split_gain=6.18412 6.47567 20.0607 12.5587 2.56701
threshold=2.3002762794494633 163.6705017089844 22478.387695312504 1.5042999982833865 471.85150146484381
decision_type=2 2 2 2 2
left_child=1 2 -1 -3 -2
right_child=4 3 -4 -5 -6
leaf_value=0.0063337568299793052 -0.0011200258077181111 -0.0044947093393019836 -0.080345350593699502 0.032163584903845487 -0.075134513882750054
leaf_weight=91.100439459085464 2.1126529872417441 37.560364425182343 7.2028452008962622 60.876229248940945 3.089242197573185
leaf_count=243 7 113 33 139 16
internal_value=0.00761602 0.00906002 0 0.0181251 -0.0460361
internal_weight=201.942 196.74 98.3033 98.4366 5.2019
internal_count=551 528 276 252 23
is_linear=0
shrinkage=0.05


Tree=45
num_leaves=7
num_cat=0
split_feature=24 43 24 33 14 50
split_gain=5.96727 22.8385 15.0814 14.6029 8.07791 5.79874
threshold=47.500000000000007 14680.174804687502 36.500000000000007 1.2998190522193911 59.840000152587898 57.806968688964851
decision_type=2 2 2 2 2 2
left_child=2 5 3 -1 -4 -2
right_child=1 -3 4 -5 -6 -7
leaf_value=0.0073758201256176204 0.027186655013041031 0.060960918289075378 -0.027702123239356953 -0.076564944616242636 0.059629731506372144 -0.071312264070353765
leaf_weight=155.01663476973772 1.6506500802934194 5.9070508927106848 2.9716219007968929 5.353456772863864 19.852110810577869 10.938418395817278
leaf_count=406 6 9 11 26 31 62
internal_value=0.00723821 -0.0197376 0.00998911 0.00454254 0.0480402 -0.0580001
internal_weight=201.69 18.4961 183.194 160.37 22.8237 12.5891
internal_count=551 77 474 432 42 68
is_linear=0
shrinkage=0.05


Tree=46
num_leaves=6
num_cat=0
split_feature=53 3 56 0 60
split_gain=6.08439 7.854 14.9423 8.83393 2.6113
threshold=2.2355839014053349 -34687.160156249993 72.065361022949233 7178.5000000000009 -2542333.1249999995
decision_type=2 2 2 2 2
left_child=1 3 -3 -1 -2
right_child=4 2 -4 -5 -6
leaf_value=-0.028710851899360575 0.068438592248282512 0.0068526630189201104 -0.035293263735631845 0.040428996884098546 0.019236302339066536
leaf_weight=5.5654336065053966 5.2854142040014267 133.75053762644529 24.952400259673595 25.291322290897369 6.2796478718519193
leaf_count=19 7 374 91 43 17
internal_value=0.00689191 0.00471414 0.000194676 0.0277967 0.0421549
internal_weight=201.125 189.56 158.703 30.8568 11.5651
internal_count=551 527 465 62 24
is_linear=0
shrinkage=0.05


Tree=47
num_leaves=8
num_cat=0
split_feature=26 7 27 22 21 57 27
split_gain=6.08586 12.3887 15.9653 10.3046 16.6136 7.65464 7.25667
threshold=0.22392871975898745 4.2663738727569589 12829.000000000002 275.45500183105474 -88.115997314453111 37.953075408935554 -50997.999999999993
decision_type=2 2 2 2 2 2 2
left_child=1 2 -1 5 -5 -2 -3
right_child=3 6 -4 4 -6 -7 -8
leaf_value=-0.020237379214709698 0.050625614165871191 0.031117927693084097 0.055369771630317935 0.015488895526710365 -0.029358113342044041 0.011516652367678688 -0.047991456317726541
leaf_weight=15.44813507050276 23.851826280355453 3.3346468433737781 12.660954937338827 69.785265296697617 29.308131530880928 27.193643346428871 19.192413475364447
leaf_count=62 36 9 20 164 97 64 99
internal_value=0.00656087 -0.00837149 0.0136399 0.0116303 0.00217437 0.0298889 -0.0360591
internal_weight=200.775 50.6362 28.1091 150.139 99.0934 51.0455 22.5271
internal_count=551 190 82 361 261 100 108
is_linear=0
shrinkage=0.05


Tree=48
num_leaves=7
num_cat=0
split_feature=40 10 11 60 46 28
split_gain=5.99642 9.86589 14.5112 12.1145 6.22077 5.74008
threshold=2.6036145687103276 0.00061250000726431619 34.345001220703132 -2489766.6249999995 -0.60584527254104603 375.50000000000006
decision_type=2 2 2 2 2 2
left_child=1 3 -3 -1 -2 -6
right_child=4 2 -4 -5 5 -7
leaf_value=0.012834255367840212 -0.037099338946150702 0.013479482986046488 -0.042628899111793656 -0.076755803754838189 0.021488030630451228 0.078380900485741756
leaf_weight=125.19586335867643 3.0110652148723629 21.175635248422623 25.025394536554813 3.8771762102842322 15.095456615090372 6.51976054906845
leaf_count=341 10 48 96 18 32 6
internal_value=0.00626072 0.00298294 -0.0168041 0.0101044 0.0293868 0.0388798
internal_weight=199.9 175.274 46.201 129.073 24.6263 21.6152
internal_count=551 503 144 359 48 38
is_linear=0
shrinkage=0.05


Tree=49
num_leaves=6
num_cat=0
split_feature=33 3 3 49 6
split_gain=5.84848 9.90568 10.4704 8.50334 5.13586
threshold=-1.3918294906616209 -34687.160156249993 -24868.430664062496 -0.76164284348487843 -19459608.999999996
decision_type=2 2 2 2 2
left_child=3 4 -3 -1 -2
right_child=1 2 -4 -5 -6
leaf_value=0.029135929097767271 0.052264397315697791 -0.071344669997508506 0.0056086190460328932 -0.071101759898799854 0
leaf_weight=3.3041555136442184 17.309609398245815 4.5379627719521514 162.05360160395503 5.6300620138645154 6.6163490861654273
leaf_count=8 23 24 450 29 17
internal_value=0.00596077 0.00783615 0.00348239 -0.0334711 0.0379415
internal_weight=199.452 190.518 166.592 8.93422 23.926
internal_count=551 514 474 37 40
is_linear=0
shrinkage=0.05


Tree=50
num_leaves=6
num_cat=0
split_feature=41 35 13 12 1
split_gain=5.83732 13.0576 8.54171 6.26894 12.0109
threshold=-2.3225902318954463 1.9126561880111697 1121122.3750000002 800868.53125000012 137963.79687500003
decision_type=2 2 2 2 2
left_child=3 2 -2 4 -1
right_child=1 -3 -4 -5 -6
leaf_value=-0.031407966607458426 -0.0045351552675473193 -0.074006357091697103 0.018290465358240297 0.06233748232820753 0.054904925274312871
leaf_weight=8.4309324175119453 98.745269522070885 5.4089169129729262 69.796301990747452 8.812875106930731 7.6752807497978202
leaf_count=32 314 27 156 11 11
internal_value=0.00567946 0.00240579 0.00488771 0.0283311 0.00941328
internal_weight=198.87 173.95 168.542 24.9191 16.1062
internal_count=551 497 470 54 43
is_linear=0
shrinkage=0.05


Tree=51
num_leaves=4
num_cat=0
split_feature=29 30 32
split_gain=6.37491 8.07015 8.47451
threshold=57.72746658325196 58.042654037475593 -1.0000000180025095e-35
decision_type=2 2 2
left_child=-1 -2 -3
right_child=1 2 -4
leaf_value=-0.061271024353606089 0.070212609250776478 0.014023480907773323 -0.0073332889559005942
leaf_weight=3.5064010843634597 4.8783753365278235 109.70598943531513 80.229833699762821
leaf_count=27 6 265 253
internal_value=0.00540939 0.00663522 0.00497595
internal_weight=198.321 194.814 189.936
internal_count=551 524 518
is_linear=0
shrinkage=0.05


Tree=52
num_leaves=8
num_cat=0
split_feature=38 36 55 43 38 49 30
split_gain=5.86956 18.0395 13.5665 12.4611 10.8005 16.6893 13.8727
threshold=0.17709361761808398 0.48418492078781133 4.2094593048095712 37001.275390625007 -1.2913165092468259 0.41791610419750219 89.453731536865249
decision_type=2 2 2 2 2 2 2
left_child=4 2 -2 -3 6 -6 -1
right_child=1 3 -4 -5 5 -7 -8
leaf_value=-0.022029348503321666 -0.077541772559483052 0.011360167859145452 0.0515890833315516 -0.074736818049085746 0.03341932894134813 -0.030168455993197698 0.063290904899536302
leaf_weight=32.193986468017101 12.044339329004286 64.383739251643419 2.3988756239414206 4.48729433864355 64.702295996248722 12.19527132809162 5.5740337371826163
leaf_count=112 60 164 4 23 133 47 8
internal_value=0.00514612 -0.0049108 -0.0557482 0.00567792 0.0124969 0.0232698 -0.00930488
internal_weight=197.98 83.3142 14.4432 68.871 114.666 76.8976 37.768
internal_count=551 251 64 187 300 180 120
is_linear=0
shrinkage=0.05


Tree=53
num_leaves=8
num_cat=0
split_feature=37 37 39 36 3 57 31
split_gain=5.56123 19.938 16.7299 14.3835 12.2002 8.7311 7.95909
threshold=1.3506147861480715 -0.082334879785776124 0.87923315167427074 -1.1948505640029905 -34687.160156249993 9.9973297119140643 0.78728196024894725
decision_type=2 2 2 2 2 2 2
left_child=1 5 3 -2 -3 -1 -4
right_child=2 4 6 -5 -6 -7 -8
leaf_value=-0.032139925501094971 0.049357702816987953 0.035593460679556231 0.055565445718048216 -0.057663118440290206 -0.048268798806875124 0.014271422901231011 0.0045717825013864982
leaf_weight=11.169314533472059 4.4690228402614585 5.095806121826171 22.968231648206711 10.309777475893496 27.019209749996662 104.22687482088804 11.809408172965048
leaf_count=40 7 9 36 49 108 268 34
internal_value=0.00490692 4.59251e-06 0.0193984 -0.0249623 -0.0348064 0.00973589 0.0383933
internal_weight=197.068 147.511 49.5564 14.7788 32.115 115.396 34.7776
internal_count=551 425 126 56 117 308 70
is_linear=0
shrinkage=0.05


Tree=54
num_leaves=8
num_cat=0
split_feature=39 8 33 8 21 34 2
split_gain=5.40311 14.8996 11.858 9.95984 12.4022 9.23952 4.18846
threshold=3.263927817344666 1.344749987125397 0.79489403963089 1.6209999918937685 -4.8515000343322745 -1.0780939459800718 14549.982910156252
decision_type=2 2 2 2 2 2 2
left_child=1 2 -1 6 -5 -3 -2
right_child=3 5 -4 4 -6 -7 -8
leaf_value=-0.010818373090503798 0.074607812998314135 0.035031835871559329 -0.07594457831948534 -0.060500539543411475 0.053801113682616891 0.0022343331843382606 0.026995027001013208
leaf_weight=38.63460011780262 6.4843569844961193 28.899821363389492 8.6131746321916562 6.5330603718757629 3.6913924813270551 85.077409639954567 18.379685655236244
leaf_count=124 8 59 45 27 6 243 39
internal_value=0.0046798 0.000777904 -0.0227966 0.0224658 -0.0187445 0.0105943 0.0396132
internal_weight=196.314 161.225 47.2478 35.0885 10.2245 113.977 24.864
internal_count=551 471 169 80 33 302 47
is_linear=0
shrinkage=0.05


Tree=55
num_leaves=6
num_cat=0
split_feature=48 10 41 41 18
split_gain=5.27746 5.84241 15.1876 14.0765 2.21803
threshold=2.3002762794494633 0.00061250000726431619 2.8216502666473393 1.5089341402053835 471.85150146484381
decision_type=2 2 2 2 2
left_child=1 2 -1 -3 -2
right_child=4 3 -4 -5 -6
leaf_value=0.014394373221869792 -0.0029380958529533385 -0.026096512910020561 -0.079533084602416468 0.028180596922496651 -0.073709516207675865
leaf_weight=132.43590420857072 2.0057448744773856 36.095119051635265 4.4345663487911215 17.79243578016758 2.9772955477237701
leaf_count=350 7 119 20 39 16
internal_value=0.00445861 0.00580883 0.0113146 -0.00808267 -0.0462264
internal_weight=195.741 190.758 136.87 53.8876 4.98304
internal_count=551 528 370 158 23
is_linear=0
shrinkage=0.05


Tree=56
num_leaves=8
num_cat=0
split_feature=37 37 3 41 46 57 14
split_gain=5.21584 17.8756 11.0128 11.0054 13.6043 7.85465 0.599163
threshold=1.3506147861480715 -0.082334879785776124 -34687.160156249993 -1.9076640009880064 -0.31039264798164362 9.9973297119140643 68.444999694824233
decision_type=2 2 2 2 2 2 2
left_child=1 5 -3 6 -5 -1 -2
right_child=3 2 -4 4 -6 -7 -8
leaf_value=-0.031120175706845932 0.04202252036109555 0.033611313818618462 -0.046600660847516212 0.02114030061797216 -0.051494909242142985 0.013001257598647712 0.065701609082762388
leaf_weight=11.118017762899397 6.973258435726164 5.0228808075189617 26.661602355539799 25.615158591419455 8.604986537247898 103.80085282772779 7.6357929557561874
leaf_count=40 11 9 108 62 43 268 10
internal_value=0.00423697 -0.00044389 -0.033727 0.018393 0.00272936 0.00868915 0.0547413
internal_weight=195.433 146.603 31.6845 48.8292 34.2201 114.919 14.6091
internal_count=551 425 117 126 105 308 21
is_linear=0
shrinkage=0.05


Tree=57
num_leaves=7
num_cat=0
split_feature=40 22 46 21 43 39
split_gain=5.22999 8.54735 18.9869 12.6807 6.92041 10.098
threshold=2.6036145687103276 275.45500183105474 -0.72381472587585438 -337.04450988769526 11874.125000000002 1.4572251439094546
decision_type=2 2 2 2 2 2
left_child=1 3 -3 -1 5 -2
right_child=4 2 -4 -5 -6 -7
leaf_value=-0.067649712295102415 0.049456178295895513 -0.079125225823964307 -0.0012971109200155991 0.022074659068121338 0.059558006841243773 -0.034752155273279697
leaf_weight=4.2048171497881404 6.6113857328891772 8.5105065777897817 100.92136153578758 57.460788697004318 9.3553958684205991 7.6874970644712448
leaf_count=28 10 41 298 136 12 26
internal_value=0.00403938 0.000962438 -0.00739549 0.0158755 0.0260843 0.00383364
internal_weight=194.752 171.097 109.432 61.6656 23.6543 14.2989
internal_count=551 503 339 164 48 36
is_linear=0
shrinkage=0.05


Tree=58
num_leaves=8
num_cat=0
split_feature=38 38 5 38 49 11 25
split_gain=4.95961 16.1829 13.8046 9.2491 14.3853 13.4221 5.17015
threshold=0.17709361761808398 0.64579749107360851 613.34500122070324 -1.2913165092468259 0.41791610419750219 66.115001678466811 509.49699401855474
decision_type=2 2 2 2 2 2 2
left_child=3 6 -3 5 -5 -1 -2
right_child=1 2 -4 4 -6 -7 -8
leaf_value=-0.022370900110271572 -0.077111916809958367 -0.012432040337385911 0.034433353026200868 0.030287923304591152 -0.029532566030045133 0.061054684915179527 0.0082651918291904974
leaf_weight=31.689313016831875 9.2356465980410558 46.334551390260458 23.740345969796181 63.34547059237957 11.862783074378966 5.667140156030654 2.0672333464026442
leaf_count=111 47 150 47 133 47 9 7
internal_value=0.00385004 -0.00551337 0.00337391 0.0106637 0.0207858 -0.00958102 -0.0610546
internal_weight=193.942 81.3778 70.0749 112.565 75.2083 37.3565 11.3029
internal_count=551 251 197 300 180 120 54
is_linear=0
shrinkage=0.05


Tree=59
num_leaves=6
num_cat=0
split_feature=56 53 60 10 10
split_gain=5.16322 12.6209 11.3951 8.54778 8.5422
threshold=18.842369079589847 -1.1037244796752927 -2549516.9999999995 -0.0013794999686069784 0.00061250000726431619
decision_type=2 2 2 2 2
left_child=1 2 -1 -2 -5
right_child=3 -3 -4 4 -6
leaf_value=0.0414683255185243 -0.073689564544904426 0.068873630760219962 -0.061047278964602138 0.0093397422679857428 -0.016035633455082809
leaf_weight=5.4001360833644867 3.7606668770313254 9.6971118524670583 5.4061381742358225 123.64113308861852 45.249440364539623
leaf_count=10 20 13 22 341 145
internal_value=0.00366976 0.0273994 -0.00935525 0.000822763 0.00251152
internal_weight=193.155 20.5034 10.8063 172.651 168.891
internal_count=551 45 32 506 486
is_linear=0
shrinkage=0.05


Tree=60
num_leaves=5
num_cat=0
split_feature=55 37 37 39
split_gain=4.88267 6.78357 17.1378 13.7198
threshold=-4.7159414291381827 1.3506147861480715 1.0000000180025095e-35 0.31101690232753759
decision_type=2 2 2 2
left_child=-1 2 -2 -3
right_child=1 3 -4 -5
leaf_value=0.038822361088705098 0.0048056021054243333 -0.047324894856714872 -0.03968771312088621 0.02895066380747606
leaf_weight=9.3187607377767545 108.8003997951746 6.8468016088008872 26.984797701239586 40.879761330783367
leaf_count=18 302 32 107 92
internal_value=0.00349081 0.00166942 -0.0039998 0.0179035
internal_weight=192.831 183.512 135.785 47.7266
internal_count=551 533 409 124
is_linear=0
shrinkage=0.05


Tree=61
num_leaves=7
num_cat=0
split_feature=26 49 12 35 53 28
split_gain=4.68726 13.7748 13.7915 5.85077 6.83592 2.69444
threshold=0.11178547888994218 -1.2323462367057798 756976.59375000012 1.9126561880111697 2.2355839014053349 414.37500000000006
decision_type=2 2 2 2 2 2
left_child=1 -1 -3 4 -2 -5
right_child=3 2 -4 5 -6 -7
leaf_value=0.064193887080070872 0.0052782551289763113 -0.066402065708682415 0.031411630209829434 -0.069986378013349129 0.048724533607345411 0
leaf_weight=4.0309061184525516 155.66259614378214 12.437077805399896 4.9950953274965277 3.5857936963438979 9.6597324311733228 2.0844562947750092
leaf_count=7 411 79 13 19 16 6
internal_value=0.00332196 -0.0186452 -0.0380873 0.00610853 0.00784705 -0.043698
internal_weight=192.456 21.4631 17.4322 170.993 165.322 5.67025
internal_count=551 99 92 452 427 25
is_linear=0
shrinkage=0.05


Tree=62
num_leaves=8
num_cat=0
split_feature=18 47 12 1 31 39 2
split_gain=4.64261 13.2428 14.2777 11.6255 11.6661 8.73151 7.22489
threshold=163.6705017089844 -0.10701432824134825 685915.06250000012 214566.55468750003 -3.8513435125350948 -0.44368180632591242 577073.15625000012
decision_type=2 2 2 2 2 2 2
left_child=3 2 -2 4 -1 -3 -5
right_child=1 5 -4 6 -6 -7 -8
leaf_value=-0.036993065123495927 -0.050596796659634846 -0.036309945260459282 0.011182019288593909 -0.080863046363699148 0.010640672624747986 0.032579364572341722 0.0061630467954469047
leaf_weight=15.848726999014614 14.560852531343697 4.9806256145238867 25.921606563031673 7.4745237007737142 67.829689361155033 51.812399365007877 3.3516504019498825
leaf_count=62 73 22 66 34 177 109 8
internal_value=0.00316506 0.0108485 -0.0109153 -0.00469073 0.00155907 0.0264499 -0.053459
internal_weight=191.78 97.2755 40.4825 94.5046 83.6784 56.793 10.8262
internal_count=551 270 139 281 239 131 42
is_linear=0
shrinkage=0.05


Tree=63
num_leaves=6
num_cat=0
split_feature=45 23 18 33 23
split_gain=4.69552 5.24649 9.73013 6.77016 4.55463
threshold=2.3058664798736577 7.5000000000000009 934.93548583984386 -1.3918294906616209 5.5000000000000009
decision_type=2 2 2 2 2
left_child=1 3 -3 -1 -2
right_child=4 2 -4 -5 -6
leaf_value=-0.048958471738940523 0.013649283630638579 0.037429599701075497 -0.036751727024163433 0.0030290335640534927 -0.070853766785156966
leaf_weight=6.5350648537278166 2.4632200747728339 24.190563544631008 5.3439328968524924 148.3735858798027 4.1105353161692619
leaf_count=31 6 44 25 422 23
internal_value=0.00301492 0.00451915 0.023838 0.000803582 -0.0384294
internal_weight=191.017 184.443 29.5345 154.909 6.57376
internal_count=551 522 69 453 29
is_linear=0
shrinkage=0.05


Tree=64
num_leaves=6
num_cat=0
split_feature=40 44 59 43 39
split_gain=4.70016 7.9033 7.43645 6.24693 9.116
threshold=2.6036145687103276 120242.08593750001 20801.493164062504 11874.125000000002 1.4572251439094546
decision_type=2 2 2 2 2
left_child=1 2 -1 4 -2
right_child=3 -3 -4 -5 -6
leaf_value=-0.00047286715891434482 0.047205289060660516 -0.0699902736247979 0.054158832669982206 0.056845644742322815 -0.034091259643375185
leaf_weight=157.33898419514298 6.3565150946378726 3.9415390789508811 6.4796635061502448 8.9208073019981367 7.5152750611305237
leaf_count=470 10 23 10 12 26
internal_value=0.00286863 0 0.00165751 0.024173 0.00280108
internal_weight=190.553 167.76 163.819 22.7926 13.8718
internal_count=551 503 480 48 36
is_linear=0
shrinkage=0.05


Tree=65
num_leaves=8
num_cat=0
split_feature=39 8 36 8 21 34 2
split_gain=4.51846 12.0701 12.4036 8.62887 10.6348 8.57205 3.5005
threshold=3.263927817344666 1.344749987125397 0.15824172645807269 1.6209999918937685 -4.8515000343322745 -1.0780939459800718 14549.982910156252
decision_type=2 2 2 2 2 2 2
left_child=1 2 -1 6 -5 -3 -2
right_child=3 5 -4 4 -6 -7 -8
leaf_value=-0.05264452358635005 0.06814907906498037 0.031868241682885982 0 -0.058821597717692221 0.049653802007567013 0 0.023778395572123634
leaf_weight=19.508855562657118 6.2874206751585033 28.209144748747349 26.126748077571392 6.3158979862928391 3.4768693223595601 82.578256614506245 17.505452215671539
leaf_count=88 8 59 81 27 6 243 39
internal_value=0.00273315 -0.000808961 -0.0224785 0.0193792 -0.0197974 0.00807203 0.0357138
internal_weight=190.009 156.423 45.6356 33.5856 9.79277 110.787 23.7929
internal_count=551 471 169 80 33 302 47
is_linear=0
shrinkage=0.05


Tree=66
num_leaves=5
num_cat=0
split_feature=46 48 10 34
split_gain=5.64445 4.61101 5.31416 1.54955
threshold=-1.0438035726547239 2.3002762794494633 0.00061250000726431619 0.66903269290924083
decision_type=2 2 2 2
left_child=-1 2 -2 -3
right_child=1 3 -4 -5
leaf_value=-0.0662034861766541 0.010394462770407805 -0.069680530489843115 -0.0085317569137554113 -0.0078780614721601101
leaf_weight=2.9266992136836043 130.20726369693875 2.7418049201369277 51.588819071650505 1.925965219736099
leaf_count=18 355 16 155 7
internal_value=0.00260473 0.00371154 0.00499621 -0.0452514
internal_weight=189.391 186.464 181.796 4.66777
internal_count=551 533 510 23
is_linear=0
shrinkage=0.05


Tree=67
num_leaves=4
num_cat=0
split_feature=46 29 22
split_gain=5.26542 5.2775 6.33555
threshold=-1.0438035726547239 57.72746658325196 275.45500183105474
decision_type=2 2 2
left_child=-1 -2 -3
right_child=1 2 -4
leaf_value=-0.065160060757508742 -0.06015962296080514 0.017932415491110357 -0.0018229162534304001
leaf_weight=2.8274077102541915 3.1863879766315213 60.346776157617569 122.81696400046349
leaf_count=18 26 144 363
internal_value=0.00247044 0.0035234 0.00465856
internal_weight=189.178 186.35 183.164
internal_count=551 533 507
is_linear=0
shrinkage=0.05


Tree=68
num_leaves=5
num_cat=0
split_feature=46 37 37 39
split_gain=4.91622 4.90005 13.4881 11.7134
threshold=-1.0438035726547239 1.3506147861480715 -0.082334879785776124 0.87923315167427074
decision_type=2 2 2 2
left_child=-1 2 -2 -3
right_child=1 3 -4 -5
leaf_value=-0.064179752980791593 0.0067260098912158093 -0.021907870429465487 -0.031266928944352401 0.033662894982349305
leaf_weight=2.7295489460229865 110.56293671578169 13.245258171111344 29.604573756456375 32.685984136536717
leaf_count=18 301 52 111 69
internal_value=0.00234579 0.0033484 -0.00126275 0.017529
internal_weight=188.828 186.099 140.168 45.9312
internal_count=551 533 412 121
is_linear=0
shrinkage=0.05


Tree=69
num_leaves=5
num_cat=0
split_feature=55 3 37 60
split_gain=4.419 6.40167 9.55516 5.87561
threshold=-4.7159414291381827 -34687.160156249993 1.3506147861480715 -2575410.9999999995
decision_type=2 2 2 2
left_child=-1 3 -3 -2
right_child=1 2 -4 -5
leaf_value=0.036145365632144981 -0.019781921286615926 -0.011747151679995032 0.015673787579126918 0.035060501899967574
leaf_weight=9.1425164639949781 6.1945479214191463 106.3738792128861 45.202642334625125 21.48737844824791
leaf_count=18 19 351 122 41
internal_value=0.00223027 0.00047264 -0.00353678 0.0226075
internal_weight=188.401 179.258 151.577 27.6819
internal_count=551 533 473 60
is_linear=0
shrinkage=0.05


Tree=70
num_leaves=6
num_cat=0
split_feature=40 50 59 43 39
split_gain=4.35573 7.18983 6.67184 6.02178 8.42823
threshold=2.6036145687103276 93.072971343994155 20801.493164062504 11874.125000000002 1.4572251439094546
decision_type=2 2 2 2 2
left_child=1 2 -1 4 -2
right_child=3 -3 -4 -5 -6
leaf_value=-0.00094637411918560826 0.045333330814360938 -0.06276342625136351 0.051425785319025398 0.055582775488011486 -0.033505336302204723
leaf_weight=154.88322788663208 6.1916314810514468 4.5325638875365248 6.325340822339057 8.6352510303258878 7.4759521782398224
leaf_count=464 10 29 10 12 26
internal_value=0.00212399 -0.00063817 0.00107754 0.0228749 0.001844
internal_weight=188.044 165.741 161.209 22.3028 13.6676
internal_count=551 503 474 48 36
is_linear=0
shrinkage=0.05


Tree=71
num_leaves=6
num_cat=0
split_feature=33 34 3 3 38
split_gain=4.27561 8.238 7.65729 8.6998 6.88429
threshold=-1.3918294906616209 -1.4494744539260862 -34687.160156249993 -24868.430664062496 -0.93568333983421315
decision_type=2 2 2 2 2
left_child=1 -1 4 -4 -2
right_child=2 -3 3 -5 -6
leaf_value=0.036689417595362921 -0.038072410011572189 -0.067865256295222429 -0.06969059853814201 0.0018379896749111094 0.042995675130900746
leaf_weight=2.7651911228895187 2.9817294925451305 5.6234927400946599 4.3721389696001998 153.07752919755876 18.640497341752052
leaf_count=5 9 32 24 450 31
internal_value=0.00202395 -0.0328045 0.00368342 -0.000116495 0.0315851
internal_weight=187.461 8.38868 179.072 157.45 21.6222
internal_count=551 37 514 474 40
is_linear=0
shrinkage=0.05


Tree=72
num_leaves=5
num_cat=0
split_feature=46 47 28 38
split_gain=4.53254 4.41955 12.2778 8.90833
threshold=-1.0438035726547239 -0.083429079502820955 117.25000000000001 -1.4915727376937864
decision_type=2 2 2 2
left_child=-1 2 -2 -3
right_child=1 3 -4 -5
leaf_value=-0.063304287053252958 0.0054456977444713797 -0.022217858167597894 -0.050812168121489698 0.01302854069935858
leaf_weight=2.619007132947444 34.767148559913039 21.156381160020828 13.388591006398199 114.88899763301015
leaf_count=18 108 75 60 290
internal_value=0.0019271 0.00288171 -0.0100917 0.00751063
internal_weight=186.82 184.201 48.1557 136.045
internal_count=551 533 168 365
is_linear=0
shrinkage=0.05


Tree=73
num_leaves=5
num_cat=0
split_feature=46 45 10 28
split_gain=4.23964 4.39215 5.39819 4.60655
threshold=-1.0438035726547239 2.3058664798736577 0.00061250000726431619 811.25000000000011
decision_type=2 2 2 2
left_child=-1 2 -2 -3
right_child=1 3 -4 -5
leaf_value=-0.062433627906614511 0.009651455907073607 -0.070547523236095228 -0.0097609993742970649 0.017789330237171132
leaf_weight=2.525135774165391 128.11190187186003 4.0235401261597863 49.490841791033745 2.2089525461196899
leaf_count=18 353 23 151 6
internal_value=0.00183074 0.00274067 0.00421382 -0.0384365
internal_weight=186.36 183.835 177.603 6.23249
internal_count=551 533 504 29
is_linear=0
shrinkage=0.05


Tree=74
num_leaves=7
num_cat=0
split_feature=57 57 8 34 18 55
split_gain=4.20875 9.81981 9.28659 7.23631 5.22515 3.73355
threshold=9.9973297119140643 11.137085914611818 1.7037209868431094 -1.0780939459800718 202.53899383544925 -1.7240889668464658
decision_type=2 2 2 2 2 2
left_child=2 -2 5 -3 -4 -1
right_child=1 3 4 -5 -6 -7
leaf_value=-0.083205581731984571 0.061153015083526531 0.021494926723262593 -0.035519451748937808 -0.0040377999334786285 0.053342106470938844 -0.0024459965966908983
leaf_weight=5.6017179638147354 7.1924879550933829 35.316231913864613 2.6835057139396667 129.04878748953342 4.1605428829789162 2.0963412225246412
leaf_count=27 10 83 11 404 9 7
internal_value=0.00173715 0.00395138 -0.024041 0.00141786 0.0177695 -0.0618626
internal_weight=186.1 171.558 14.5421 164.365 6.84405 7.69806
internal_count=551 497 54 487 20 34
is_linear=0
shrinkage=0.05


Tree=75
num_leaves=6
num_cat=0
split_feature=56 53 60 10 10
split_gain=4.20238 11.1112 9.29399 7.28209 6.78245
threshold=18.842369079589847 -1.1037244796752927 -2549516.9999999995 -0.0013794999686069784 0.00061250000726431619
decision_type=2 2 2 2 2
left_child=1 2 -1 -2 -5
right_child=3 -3 -4 4 -6
leaf_value=0.036236280038681824 -0.072599751188840683 0.063750039262334815 -0.058749819645065628 0.0068090574875805015 -0.016230672790212151
leaf_weight=5.0272784978151321 3.4676525220274916 9.1679768115282041 5.2247135415673274 119.20126250013709 43.614152066409588
leaf_count=10 20 13 22 341 145
internal_value=0.0016515 0.0236704 -0.0116837 -0.000889985 0.000606584
internal_weight=185.703 19.42 10.252 166.283 162.815
internal_count=551 45 32 506 486
is_linear=0
shrinkage=0.05


Tree=76
num_leaves=7
num_cat=0
split_feature=18 3 47 28 36 39
split_gain=4.14471 13.3067 11.087 13.6074 9.81153 7.43585
threshold=163.6705017089844 22478.387695312504 -0.10701432824134825 117.25000000000001 1.6107469797134402 -0.44368180632591242
decision_type=2 2 2 2 2 2
left_child=1 4 3 -2 -1 -4
right_child=2 -3 5 -5 -6 -7
leaf_value=0.0029323224044356722 0.0066074411430534861 -0.074668554569836829 -0.035063259470181206 -0.059460422624028279 -0.080861904907501947 0.029247474114413353
leaf_weight=81.011533379554749 28.453053424134851 6.5482096672058097 4.8690953105688086 10.68423382937908 3.6498223394155493 50.112590476870537
leaf_count=231 88 33 22 51 17 109
internal_value=0.00157088 -0.00599197 0.00895306 -0.0113009 -0.000621058 0.0234613
internal_weight=185.329 91.2096 94.119 39.1373 84.6614 54.9817
internal_count=551 281 270 139 248 131
is_linear=0
shrinkage=0.05


Tree=77
num_leaves=7
num_cat=0
split_feature=26 49 12 54 36 53
split_gain=4.0761 11.7918 11.7962 5.0815 16.6891 10.1295
threshold=0.11178547888994218 -1.2323462367057798 756976.59375000012 2.5760118961334233 0.90746739506721508 1.2419193983078005
decision_type=2 2 2 2 2 2
left_child=1 -1 -3 5 -5 -2
right_child=3 2 -4 4 -6 -7
leaf_value=0.059191990283107246 0.0026151241086555428 -0.065233171821474312 0.02810415120131218 0.049030324429966972 -0.050864750698992767 -0.086008278697053686
leaf_weight=3.7973675429821041 137.71966251730919 11.698575081303717 4.6765694096684447 17.969200409948829 5.4050018563866606 3.3008746802806845
leaf_count=7 383 79 13 33 21 15
internal_value=0.00149232 -0.0196768 -0.0382717 0.00412035 0.0257169 0.000505256
internal_weight=184.567 20.1725 16.3751 164.395 23.3742 141.021
internal_count=551 99 92 452 54 398
is_linear=0
shrinkage=0.05


Tree=78
num_leaves=5
num_cat=0
split_feature=55 38 34 58
split_gain=3.9656 5.69788 8.45802 7.89391
threshold=-4.7159414291381827 -1.8996772766113279 -1.2840572595596311 5200.9404296875009
decision_type=2 2 2 2
left_child=-1 3 -3 -2
right_child=1 2 -4 -5
leaf_value=0.034228755994557131 -0.055530368426492983 0.033480420304185729 -0.0016915857307531878 0.020149809989576481
leaf_weight=8.7726876288652402 10.007657464593647 19.434141971170902 140.46372055448592 5.1352034956216803
leaf_count=18 49 40 432 12
internal_value=0.00142035 -0.000195376 0.00255198 -0.0295357
internal_weight=183.813 175.041 159.898 15.1429
internal_count=551 533 472 61
is_linear=0
shrinkage=0.05


Tree=79
num_leaves=5
num_cat=0
split_feature=33 38 36 53
split_gain=3.94724 7.45795 6.90645 5.41343
threshold=-1.3918294906616209 -2.6748307943344112 -1.9798543453216551 2.2355839014053349
decision_type=2 2 2 2
left_child=2 -2 -1 -3
right_child=1 3 -4 -5
leaf_value=0.027215234916622061 -0.073679540496881288 0.0021945278573989079 -0.068148451090341775 0.041194391144126867
leaf_weight=2.9265782535076141 3.1117175146937361 162.86078227870166 5.119674049317835 9.4440827146172506
leaf_count=7 16 480 30 18
internal_value=0.00135137 0.00294827 -0.0328414 0.00436114
internal_weight=183.463 175.417 8.04625 172.305
internal_count=551 514 37 498
is_linear=0
shrinkage=0.05


Tree=80
num_leaves=6
num_cat=0
split_feature=56 53 60 44 11
split_gain=3.85995 10.2829 8.22496 7.01451 7.81717
threshold=18.842369079589847 -1.1037244796752927 -2549516.9999999995 120242.08593750001 48.510000228881843
decision_type=2 2 2 2 2
left_child=1 2 -1 4 -2
right_child=3 -3 -4 -5 -6
leaf_value=0.034089498927506096 -0.008709331253889974 0.061735017473403979 -0.056152058669653407 -0.068172725980915547 0.013761607567958356
leaf_weight=4.8993490636348724 95.047839220613241 8.9409334659576398 5.1483478248119372 3.8147057965397826 65.264761846512556
leaf_count=10 316 13 22 24 166
internal_value=0.00128433 0.0226396 -0.0116518 -0.0011559 0.000407609
internal_weight=183.116 18.9886 10.0477 164.127 160.313
internal_count=551 45 32 506 482
is_linear=0
shrinkage=0.05


Tree=81
num_leaves=4
num_cat=0
split_feature=29 30 32
split_gain=4.5784 6.12108 6.23626
threshold=57.72746658325196 58.042654037475593 -1.0000000180025095e-35
decision_type=2 2 2
left_child=-1 -2 -3
right_child=1 2 -4
leaf_value=-0.05936123931005536 0.06033086395629185 0.0088636992877513931 -0.010235173009209274
leaf_weight=3.0602379348129025 4.4315264970064154 101.34857560321689 73.846622183918953
leaf_count=27 6 265 253
internal_value=0.0012217 0.00228167 0.000784784
internal_weight=182.687 179.627 175.195
internal_count=551 524 518
is_linear=0
shrinkage=0.05


Tree=82
num_leaves=5
num_cat=0
split_feature=29 22 46 40
split_gain=4.29711 4.96567 16.0898 7.79147
threshold=57.72746658325196 275.45500183105474 -0.72381472587585438 -0.84321442246437062
decision_type=2 2 2 2
left_child=-1 3 -3 -2
right_child=1 2 -4 -5
leaf_value=-0.058714366738434623 -0.017928416576232016 -0.067136738103876312 0.0015854325663743529 0.02422898783543749
leaf_weight=2.9422466941177836 14.332045294344423 9.2183009684085828 110.65385077148676 45.189169242978096
leaf_count=27 48 45 326 105
internal_value=0.00116122 0.00217112 -0.00365767 0.013994
internal_weight=182.336 179.393 119.872 59.5212
internal_count=551 524 371 153
is_linear=0
shrinkage=0.05


Tree=83
num_leaves=4
num_cat=0
split_feature=29 30 32
split_gain=4.03474 5.55995 5.62885
threshold=57.72746658325196 58.042654037475593 -1.0000000180025095e-35
decision_type=2 2 2
left_child=-1 -2 -3
right_child=1 2 -4
leaf_value=-0.058098817216961841 0.058029647433433633 0.0083313560548497947 -0.0098384037752729369
leaf_weight=2.8276528920978299 4.3324657380580893 101.12413036450744 73.622736290097237
leaf_count=27 6 265 253
internal_value=0.00110111 0.00206379 0.000647628
internal_weight=181.907 179.079 174.747
internal_count=551 524 518
is_linear=0
shrinkage=0.05


Tree=84
num_leaves=8
num_cat=0
split_feature=39 8 36 8 21 34 47
split_gain=3.93677 9.19383 11.2087 7.26096 9.16295 6.8481 4.11036
threshold=3.263927817344666 1.344749987125397 0.15824172645807269 1.6209999918937685 -4.8515000343322745 -1.0780939459800718 0.44488081336021429
decision_type=2 2 2 2 2 2 2
left_child=1 2 -1 6 -5 -3 -2
right_child=3 5 -4 4 -6 -7 -8
leaf_value=-0.051192006170468179 0.044989045324537041 0.027384589209132688 0 -0.056433387760573932 0.047233991275686719 -0.0017615790876401721 -0.0031271916024516906
leaf_weight=18.508021056652069 16.777500860393054 26.915964521467686 25.100164890289307 6.0674455538392067 3.2417179718613607 79.176648817956448 5.7780648022890082
leaf_count=88 29 59 81 27 6 243 18
internal_value=0.00104644 -0.00232096 -0.0216715 0.0170234 -0.0197963 0.00558575 0.0324414
internal_weight=181.566 149.701 43.6082 31.8647 9.30916 106.093 22.5556
internal_count=551 471 169 80 33 302 47
is_linear=0
shrinkage=0.05


Tree=85
num_leaves=5
num_cat=0
split_feature=36 34 33 56
split_gain=3.85103 6.086 7.9085 6.83927
threshold=-2.3685616254806514 -1.2840572595596311 -1.3918294906616209 41.887659072875984
decision_type=2 2 2 2
left_child=-1 3 -3 -2
right_child=1 2 -4 -5
leaf_value=-0.046245875639912039 -0.021966175751947925 -0.066289591111301976 0.00075021444293721146 0.044785426133090583
leaf_weight=4.2042980082333079 5.0205216296017197 4.5275694727897635 151.9116233587265 15.204455547034739
leaf_count=18 16 28 460 29
internal_value=0.000995533 0.0021481 -0.00115805 0.0279682
internal_weight=180.868 176.664 156.439 20.225
internal_count=551 533 488 45
is_linear=0
shrinkage=0.05


Tree=86
num_leaves=8
num_cat=0
split_feature=37 37 33 3 3 11 49
split_gain=3.84818 12.1647 11.5542 8.55195 7.20938 6.61274 3.56389
threshold=1.3506147861480715 -0.082334879785776124 1.1484109759330752 -34687.160156249993 4785.5949707031259 48.510000228881843 1.9143280982971194
decision_type=2 2 2 2 2 2 2
left_child=1 5 4 -3 -2 -1 -4
right_child=2 3 6 -5 -6 -7 -8
leaf_value=-0.0037543659042512697 0.00082358808529083547 0.029835031406373322 -0.068645314110138606 -0.04385721636713346 0.044737865392858234 0.02310205002298818 0.011382127404431817
leaf_weight=73.597858514636755 17.718732066452503 4.6114550679922131 4.9258782900869837 24.380155593156815 20.352965712547302 33.153918117284775 1.7995161339640615
leaf_count=233 57 9 29 108 34 75 6
internal_value=0.000944012 -0.0032197 0.0136724 -0.0319631 0.0244313 0.0045396 -0.0464889
internal_weight=180.54 135.743 44.7971 28.9916 38.0717 106.752 6.72539
internal_count=551 425 126 117 91 308 35
is_linear=0
shrinkage=0.05


Tree=87
num_leaves=6
num_cat=0
split_feature=40 57 30 43 39
split_gain=3.80965 6.78607 6.69875 5.34346 7.19937
threshold=2.6036145687103276 96.693611145019545 82.227470397949233 11874.125000000002 1.4572251439094546
decision_type=2 2 2 2 2
left_child=1 2 -1 4 -2
right_child=3 -3 -4 -5 -6
leaf_value=0.0038013256852431408 0.042718963992024149 -0.074795026907131412 -0.026790237219540255 0.053230325246170711 -0.032289115095964736
leaf_weight=135.15364071913064 5.7694907337427157 3.1142995133996001 20.622613877058029 7.9608213603496543 7.171764999628067
leaf_count=395 10 16 92 12 26
internal_value=0.000901027 -0.0017097 -0.000216475 0.0209861 0.000764742
internal_weight=179.793 158.891 155.776 20.9021 12.9413
internal_count=551 503 487 48 36
is_linear=0
shrinkage=0.05


Tree=88
num_leaves=6
num_cat=0
split_feature=48 48 37 37 18
split_gain=3.79056 4.63804 7.09128 6.20901 1.44943
threshold=2.3002762794494633 0.50624641776084911 -0.39862287044525141 1.3506147861480715 471.85150146484381
decision_type=2 2 2 2 2
left_child=1 3 -3 -1 -2
right_child=4 2 -4 -5 -6
leaf_value=-0.0076944848900445846 -0.0061256466309147963 0.037715079995093236 -0.015362198268133509 0.015724459742623542 -0.068397540292290157
leaf_weight=107.96206310018897 1.7322218194603909 19.36545163393021 9.1626706346869451 38.306841384619474 2.6593079473823309
leaf_count=352 7 39 32 105 16
internal_value=0.000858044 0.00203809 0.0204924 -0.00152704 -0.0449732
internal_weight=179.189 174.797 28.5281 146.269 4.39153
internal_count=551 528 71 457 23
is_linear=0
shrinkage=0.05


Tree=89
num_leaves=5
num_cat=0
split_feature=55 22 46 26
split_gain=3.60551 5.20996 12.7888 7.86739
threshold=-4.7159414291381827 275.45500183105474 -0.72381472587585438 0.22392871975898745
decision_type=2 2 2 2
left_child=-1 3 -3 -2
right_child=1 2 -4 -5
leaf_value=0.032580866024652037 -0.019277030308536777 -0.064842878658269987 -0.0021502814167151693 0.021776146356777836
leaf_weight=8.5134003385901433 15.677139433100818 8.8674232587218267 101.19226597622037 44.669941026717424
leaf_count=18 77 45 313 98
internal_value=0.000812224 -0.000745573 -0.0072468 0.0110284
internal_weight=178.92 170.407 110.06 60.3471
internal_count=551 533 358 175
is_linear=0
shrinkage=0.05


Tree=90
num_leaves=8
num_cat=0
split_feature=39 39 47 53 41 3 28
split_gain=3.71729 6.83553 6.94533 6.74342 5.16042 5.15532 3.64247
threshold=3.263927817344666 2.4116756916046147 -0.083429079502820955 -0.84325873851776112 1.7251495718955996 8920.6811523437518 211.25000000000003
decision_type=2 2 2 2 2 2 2
left_child=1 2 -1 -3 6 -6 -2
right_child=4 3 -4 -5 5 -7 -8
leaf_value=-0.018725878357822391 0.015653226199731963 0.0074784263462469545 0.0074802092821148192 -0.065001974130164231 0.0096243882627993077 -0.071052483181862608 0.06041727585440973
leaf_weight=33.795952066779137 15.179903820157056 5.0981642156839362 100.17695889249444 8.1664716675877553 6.3760096132755262 2.8243053928017616 6.7913820296525946
leaf_count=135 40 15 285 36 16 14 10
internal_value=0.000770127 -0.00252126 0.000832151 -0.0367677 0.0164773 -0.0145983 0.0297175
internal_weight=178.409 147.238 133.973 13.2646 31.1716 9.20032 21.9713
internal_count=551 471 420 51 80 30 50
is_linear=0
shrinkage=0.05


Tree=91
num_leaves=7
num_cat=0
split_feature=57 57 8 38 6 13
split_gain=3.51813 8.08898 7.9789 6.00479 4.21271 3.35003
threshold=9.9973297119140643 11.137085914611818 1.7037209868431094 -1.8996772766113279 -28040075.999999996 730406.34375000012
decision_type=2 2 2 2 2 2
left_child=2 -2 5 -3 -4 -1
right_child=1 3 4 -5 -6 -7
leaf_value=-0.00019576956429997986 0.056934893214353494 -0.033069461318904605 -0.024780041291209379 0.0033617925090213083 0.055112859859345921 -0.079666310085164019
leaf_weight=1.9271863773465137 6.6241375952959052 12.261595055460928 3.106232725083828 145.21476369164884 3.4032823741436005 5.3905079364776611
leaf_count=8 10 54 15 433 5 26
internal_value=0.00073409 0.0028022 -0.0234485 0.000493392 0.0162212 -0.0594202
internal_weight=177.928 164.1 13.8272 157.476 6.50952 7.31769
internal_count=551 497 54 487 20 34
is_linear=0
shrinkage=0.05


Tree=92
num_leaves=6
num_cat=0
split_feature=45 28 10 41 28
split_gain=3.479 4.03302 3.9265 10.5628 9.52596
threshold=2.3058664798736577 811.25000000000011 0.00061250000726431619 2.8216502666473393 -381.49999999999994
decision_type=2 2 2 2 2
left_child=2 -2 3 -1 -4
right_child=1 -3 4 -5 -6
leaf_value=0.0094617972290647855 -0.068103677800851414 0.016643218444116158 -0.078166221404435465 -0.072979558336801753 -0.0026635029788222293
leaf_weight=119.67797607183456 3.7910405211150637 2.1007008329033852 4.6460337936878195 4.005066141486167 43.231668800115585
leaf_count=348 23 6 22 20 132
internal_value=0.000696236 -0.0370385 0.00202127 0.00675178 -0.0100947
internal_weight=177.452 5.89174 171.561 123.683 47.8777
internal_count=551 29 522 368 154
is_linear=0
shrinkage=0.05


Tree=93
num_leaves=6
num_cat=0
split_feature=56 53 39 42 44
split_gain=3.55485 9.03553 7.45203 6.17249 5.67241
threshold=18.842369079589847 -1.1037244796752927 2.7199875116348271 -0.0013794999686069784 120242.08593750001
decision_type=2 2 2 2 2
left_child=1 2 -1 -2 -5
right_child=3 -3 -4 4 -6
leaf_value=-0.056952841638210405 -0.070609728641742461 0.059238824799039691 0.030813817744636929 0.001054743815130153 -0.06751688565559677
leaf_weight=4.6555389128625411 3.1860044226050368 8.519762381911276 4.9698613882064819 152.62368462234735 3.0760823264718047
leaf_count=22 20 13 10 466 20
internal_value=0.000655385 0.0216419 -0.011117 -0.00170985 -0.000267878
internal_weight=177.031 18.1452 9.6254 158.886 155.7
internal_count=551 45 32 506 486
is_linear=0
shrinkage=0.05


Tree=94
num_leaves=7
num_cat=0
split_feature=40 22 28 46 43 28
split_gain=3.47341 5.65914 12.5401 9.42157 4.85957 7.23264
threshold=2.6036145687103276 275.45500183105474 538.50000000000011 -0.15947993099689481 11874.125000000002 375.50000000000006
decision_type=2 2 2 2 2 2
left_child=1 3 -3 -1 5 -2
right_child=4 2 -4 -5 -6 -7
leaf_value=0.017453670891275523 -0.029979846030481289 -0.0032189350999155993 -0.063646141425282743 -0.053175721358410859 0.051760541124947837 0.047646412060537088
leaf_weight=50.824460972100496 7.5061478316783923 90.948727369308472 9.5106132701039297 5.1787142716348162 7.5968042314052573 4.9952971786260605
leaf_count=132 28 295 44 32 12 8
internal_value=0.000621934 -0.0018623 -0.00898943 0.0108332 0.0202102 0.000637913
internal_weight=176.561 156.463 100.459 56.0032 20.0982 12.5014
internal_count=551 503 339 164 48 36
is_linear=0
shrinkage=0.05


Tree=95
num_leaves=7
num_cat=0
split_feature=18 3 47 28 34 34
split_gain=3.47804 10.766 9.08962 11.8593 8.40817 6.38867
threshold=163.6705017089844 22478.387695312504 -0.10701432824134825 117.25000000000001 1.1231184601783755 0.98415395617485057
decision_type=2 2 2 2 2 2
left_child=1 4 3 -2 -1 -4
right_child=2 -3 5 -5 -6 -7
leaf_value=0.0033590799395308668 0.0057395397975203918 -0.070877898517795815 0.0086198642545896494 -0.057818645204721075 -0.053371931261020293 0.046110424218663182
leaf_weight=73.386364609003067 27.040742924436927 6.0477024093270293 35.100948229432106 10.020493224263189 7.1631829515099517 17.131290201097727
leaf_count=215 88 33 99 51 33 32
internal_value=0.00059057 -0.00651811 0.0075406 -0.0113102 -0.00162387 0.0210119
internal_weight=175.891 86.5972 89.2935 37.0612 80.5495 52.2322
internal_count=551 281 270 139 248 131
is_linear=0
shrinkage=0.05


Tree=96
num_leaves=8
num_cat=0
split_feature=37 37 7 41 49 3 8
split_gain=3.42767 10.6395 10.5472 7.87784 12.7384 7.79669 0.923315
threshold=1.3506147861480715 -0.082334879785776124 5.6952152252197275 -1.9076640009880064 -0.042938953265547745 -34687.160156249993 1.6459499597549441
decision_type=2 2 2 2 2 2 2
left_child=1 2 -1 6 -5 -3 -2
right_child=3 5 -4 4 -6 -7 -8
leaf_value=0.011171255154463273 0.059546832585287646 0.028634842758163245 -0.031323554364912805 0.014391786440024538 -0.068748778718013909 -0.042328595800042897 0.030327041136034308
leaf_weight=86.231020838022232 6.5350265726447088 4.5425705239176777 17.546503107994795 24.645247399806976 5.6640240028500584 23.605474423617125 6.4019415378570557
leaf_count=236 9 9 72 69 36 108 12
internal_value=0.000560396 -0.0034142 0.00393813 0.0128008 -0.000980083 -0.0306988 0.0454737
internal_weight=175.172 131.926 103.778 43.2462 30.3093 28.148 12.937
internal_count=551 425 308 126 105 117 21
is_linear=0
shrinkage=0.05


Tree=97
num_leaves=4
num_cat=0
split_feature=29 14 52
split_gain=3.63004 4.16033 5.34524
threshold=57.72746658325196 57.61000061035157 58.099626541137702
decision_type=2 2 2
left_child=-1 -2 -3
right_child=1 2 -4
leaf_value=-0.057374549826505986 0.03791450599900343 -0.04970121973394627 0.001442778307031677
leaf_weight=2.6606366988271466 7.4869995862245551 5.2776808217167845 158.94998198933899
leaf_count=27 15 26 483
internal_value=0.000534683 0.00146108 -0.000170359
internal_weight=174.375 171.715 164.228
internal_count=551 524 509
is_linear=0
shrinkage=0.05


Tree=98
num_leaves=4
num_cat=0
split_feature=29 14 7
split_gain=3.41391 3.80835 5.11384
threshold=57.72746658325196 57.61000061035157 6.5097403526306161
decision_type=2 2 2
left_child=-1 -2 -3
right_child=1 2 -4
leaf_value=-0.056816939735689367 0.036505300299004916 0.001726065529973295 -0.040803729570908581
leaf_weight=2.5550857670605174 7.3897380828857413 156.76212790608406 7.4007240682840338
leaf_count=27 15 481 28
internal_value=0.000506566 0.00138948 -0.000160788
internal_weight=174.108 171.553 164.163
internal_count=551 524 509
is_linear=0
shrinkage=0.05


Tree=99
num_leaves=8
num_cat=0
split_feature=38 36 45 43 11 12 31
split_gain=3.41018 13.681 10.7431 9.14675 7.17348 14.9854 6.91123
threshold=0.17709361761808398 0.70013943314552318 -0.62128162384033192 37001.275390625007 49.819999694824226 877128.81250000012 2.7653818130493169
decision_type=2 2 2 2 2 2 2
left_child=4 2 -2 -3 5 -1 -6
right_child=1 3 -4 -5 6 -7 -8
leaf_value=0.0067588748604476175 0.030671010337993701 0.0097273129811658865 -0.066449387294203174 -0.071801127809112034 0.039721308173545765 -0.061385238668204722 -0.01982636854752453
leaf_weight=62.129179738461971 3.507213398814204 52.123925716616213 13.835061918944119 3.6759076043963423 23.304913822561506 9.2658720165491086 6.0378274023532859
leaf_count=193 8 147 75 21 43 36 28
internal_value=0.00047998 -0.00770651 -0.0465199 0.00426688 0.00647353 -0.00201505 0.0272978
internal_weight=173.88 73.1421 17.3423 55.7998 100.738 71.3951 29.3427
internal_count=551 251 83 168 300 229 71
is_linear=0
shrinkage=0.05


end of trees

feature_importances:
Candle_Delta=33
z_btc_20=22
vol_regime=22
z_ask_qty=19
ema_fast=18
atr=17
z_cvd_4=17
z_oi=17
btc_cvd_mom=16
z_btc_4=16
z_btc_10=16
z_cvd_20=16
liq_long_5=16
z_delta_qty=16
Ask_Qty=14
cvd_delta=14
Whale_Ind=12
Agg._Funding_Rate=12
ema_slow=12
z_ls=12
z_ask_trades=12
btc_CVD=12
Delta_USD=11
stoch_k=10
macro_score=9
z_cvd_10=9
pull_ema8=9
pull_ema50=9
Long/Short_Ratio_(Account)=8
rsi=8
Buy_Qty=7
Net_Shorts=7
z_bid_qty=7
RSI=6
Price_Low=6
Delta_Qty=6
Ask_Trades=6
z_bid_trades=6
ema_21=6
CVD=5
Net_Longs=5
Sell_Qty=4
liq_short_5=4
macro=3
ema_8=3
pull_ema21=3
Ask_USD=2
Bid_Trades=2
total_qty=2
ema_50=2
liq_short_5_mean=2
Candle=1
Agg._Liq_Short=1
Agg._OI=1
Mid_Price=1
funding=1
liq_long_5_mean=1

parameters:
[boosting: gbdt]
[objective: binary]
[metric: binary_logloss]
[tree_learner: serial]
[device_type: cpu]
[data_sample_strategy: bagging]
[data: ]
[valid: ]
[num_iterations: 100]
[learning_rate: 0.05]
[num_leaves: 31]
[num_threads: 1]
[seed: 42]
[deterministic: 0]
[force_col_wise: 0]
[force_row_wise: 0]
[histogram_pool_size: -1]
[max_depth: 3]
[min_data_in_leaf: 10]
[min_sum_hessian_in_leaf: 0.001]
[bagging_fraction: 0.8]
[pos_bagging_fraction: 1]
[neg_bagging_fraction: 1]
[bagging_freq: 0]
[bagging_seed: 400]
[bagging_by_query: 0]
[feature_fraction: 0.8]
[feature_fraction_bynode: 1]
[feature_fraction_seed: 30056]
[extra_trees: 0]
[extra_seed: 12879]
[early_stopping_round: 0]
[early_stopping_min_delta: 0]
[first_metric_only: 0]
[max_delta_step: 0]
[lambda_l1: 0.1]
[lambda_l2: 0]
[linear_lambda: 0]
[min_gain_to_split: 0]
[drop_rate: 0.1]
[max_drop: 50]
[skip_drop: 0.5]
[xgboost_dart_mode: 0]
[uniform_drop: 0]
[drop_seed: 17869]
[top_rate: 0.2]
[other_rate: 0.1]
[min_data_per_group: 100]
[max_cat_threshold: 32]
[cat_l2: 10]
[cat_smooth: 10]
[max_cat_to_onehot: 4]
[top_k: 20]
[monotone_constraints: ]
[monotone_constraints_method: basic]
[monotone_penalty: 0]
[feature_contri: ]
[forcedsplits_filename: ]
[refit_decay_rate: 0.9]
[cegb_tradeoff: 1]
[cegb_penalty_split: 0]
[cegb_penalty_feature_lazy: ]
[cegb_penalty_feature_coupled: ]
[path_smooth: 0]
[interaction_constraints: ]
[verbosity: -1]
[saved_feature_importance_type: 0]
[use_quantized_grad: 0]
[num_grad_quant_bins: 4]
[quant_train_renew_leaf: 0]
[stochastic_rounding: 1]
[linear_tree: 0]
[max_bin: 63]
[max_bin_by_feature: ]
[min_data_in_bin: 3]
[bin_construct_sample_cnt: 200000]
[data_random_seed: 175]
[is_enable_sparse: 1]
[enable_bundle: 1]
[use_missing: 1]
[zero_as_missing: 0]
[feature_pre_filter: 1]
[pre_partition: 0]
[two_round: 0]
[header: 0]
[label_column: ]
[weight_column: ]
[group_column: ]
[ignore_column: ]
[categorical_feature: ]
[forcedbins_filename: ]
[precise_float_parser: 0]
[parser_config_file: ]
[objective_seed: 16083]
[num_class: 1]
[is_unbalance: 0]
[scale_pos_weight: 4.8617]
[sigmoid: 1]
[boost_from_average: 1]
[reg_sqrt: 0]
[alpha: 0.9]
[fair_c: 1]
[poisson_max_delta_step: 0.7]
[tweedie_variance_power: 1.5]
[lambdarank_truncation_level: 30]
[lambdarank_norm: 1]
[label_gain: ]
[lambdarank_position_bias_regularization: 0]
[eval_at: ]
[multi_error_top_k: 1]
[auc_mu_weights: ]
[num_machines: 1]
[local_listen_port: 12400]
[time_out: 120]
[machine_list_filename: ]
[machines: ]
[gpu_platform_id: -1]
[gpu_device_id: -1]
[gpu_use_dp: 0]
[num_gpu: 1]

end of parameters

pandas_categorical:[]
