tree
version=v4
num_class=1
num_tree_per_iteration=1
label_index=0
max_feature_idx=60
objective=binary sigmoid:1
feature_names=Candle Buy_Qty Sell_Qty Candle_Delta Agg._Liq_Long Agg._Liq_Short CVD Long/Short_Ratio_(Account) Whale_Ind Agg._OI Agg._Funding_Rate RSI Net_Shorts Net_Longs Price_Low Price_High Mid_Price Bid_Qty Ask_Qty Bid_USD Ask_USD Delta_Qty Delta_USD Bid_Trades Ask_Trades total_qty atr cvd_delta btc_cvd_mom ema_fast ema_slow macro_score macro z_cvd_4 z_btc_4 z_cvd_10 z_btc_10 z_cvd_20 z_btc_20 vol_regime z_oi z_ls funding liq_long_5 liq_short_5 z_bid_qty z_ask_qty z_delta_qty z_bid_trades z_ask_trades ema_8 ema_21 ema_50 pull_ema8 pull_ema21 pull_ema50 rsi stoch_k liq_long_5_mean liq_short_5_mean btc_CVD
feature_infos=[740:229115] [7447.64990234375:5290923.5] [12826.08984375:5976121.5] [-1311704.5:920232] [0:4830486.5] [0:3269984.25] [-1390295424:-3927127] [0:7.7512855529785156] [0:4.0124001502990723] [0:15504932] [-0.0098179997876286507:0.059154998511075974] [0:91.44000244140625] [0:6436547.5] [0:9106658] [1.7999999523162842:44.130001068115234] [1.7999999523162842:44.150001525878906] [1.7999999523162842:44.139999389648438] [0:173752.65625] [0:176929.703125] [0:1590001.75] [0:1322746.875] [-159056.328125:157921.609375] [-1445138.375:494479.5625] [0:1640] [0:1840] [0:194803.0625] [0.011428492143750191:1.7100001573562622] [-1809024:1344640] [-26771.875:11646] [2.0282042026519775:47.297245025634766] [2.2237272262573242:46.808544158935547] [-30.555606842041016:14.586967468261719] [-1:1] [-1.5:1.4994388818740845] [-1.4998281002044678:1.4991327524185181] [-2.8210835456848145:2.8137285709381104] [-2.8082542419433594:2.7249405384063721] [-4.1727995872497559:4.1463308334350586] [-4.135871410369873:4.0432958602905273] [-2.3221464157104492:8.3777036666870117] [-5.9718017578125:6.9369025230407715] [-5.287346363067627:8.1458702087402344] [-0.0098179997876286507:0.059154998511075974] [0:12156568] [0:6478886.5] [-2.4889724254608154:2.8302102088928223] [-1.6047990322113037:2.8199763298034668] [-2.8419325351715088:2.8380370140075684] [-2.1761271953582764:2.7143175601959229] [-2.7111518383026123:2.7464544773101807] [1.7970582246780396:44.090167999267578] [1.7638221979141235:44.559940338134766] [1.7897102832794189:45.760562896728516] [-7.091611385345459:4.7577238082885742] [-8.7705163955688477:6.4027566909790039] [-9.9210720062255859:7.4398784637451172] [0:100] [0:100] [0:1781029.75] [0:1918282.75] [-2643312.25:452826.34375]
tree_sizes=847 866 866 860 857 864 960 962 866 868 843 974 872 971 843 963 766 979 972 851 863 868 868 968 865 865 869 876 977 869 973 867 874 973 859 870 866 874 969 669 873 971 769 771 773 981 772 869 980 867 883 571 768 883 869 774 878 871 777 979 985 770 873 877 651 874 874 978 870 780 981 872 780 975 990 980 673 976 777 670 672 875 986 974 668 886 569 866 880 978 773 894 675 874 673 981 980 876 880 987

Tree=0
num_leaves=7
num_cat=0
split_feature=41 50 40 18 40 9
split_gain=74.3934 53.7968 60.3387 40.4816 25.549 22.5495
threshold=1.5545482635498049 6.2438218593597421 -0.80049633979797352 38762.650390625007 -2.0285301208496089 4745791.2500000009
decision_type=2 2 2 2 2 2
left_child=1 3 -3 -1 -2 -6
right_child=4 2 -4 -5 5 -7
leaf_value=-1.5818405072124155 -1.5775334379828336 -1.4881572959185885 -1.3989636546236677 -1.3785472076354142 -1.4494543732427083 -1.309109604180313
leaf_weight=9.1212172806262952 1.0298148542642618 24.243235364556313 89.841667041182518 3.3449625223875037 3.4069062769413021 22.601725906133652
leaf_count=62 7 129 353 12 16 57
internal_value=-1.41249 -1.42865 -1.41787 -1.52689 -1.33702 -1.3273
internal_weight=153.59 126.551 114.085 12.4662 27.0384 26.0086
internal_count=636 556 482 74 80 73
is_linear=0
shrinkage=1


Tree=1
num_leaves=7
num_cat=0
split_feature=6 40 47 60 35 36
split_gain=56.0012 47.6465 33.2716 32.2966 29.2856 12.4164
threshold=-301398031.99999994 -0.71375343203544606 -1.2906760573387144 -1267085.4999999998 2.5787119865417485 -1.1999119520187376
decision_type=2 2 2 2 2 2
left_child=1 3 -3 -1 5 -2
right_child=4 2 -4 -5 -6 -7
leaf_value=0.014689741568801172 0.04345214627227769 0.031708943737863433 0.12936708801366101 0.11220487503782794 0.19189144456422044 -0.060811060356046123
leaf_weight=20.994089975953102 4.306689426302909 9.6630021631717664 104.99554260075092 14.419268324971197 1.7806713879108436 8.2749838083982432
leaf_count=114 21 46 343 53 4 55
internal_value=0.0964598 0.105487 0.12118 0.0545362 0.00178383 -0.0247245
internal_weight=164.434 150.072 114.659 35.4134 14.3623 12.5817
internal_count=636 556 389 167 80 76
is_linear=0
shrinkage=0.05


Tree=2
num_leaves=7
num_cat=0
split_feature=41 50 40 18 40 43
split_gain=47.1501 37.0922 37.3914 32.7513 16.9782 15.7503
threshold=1.5545482635498049 6.2438218593597421 -0.90840467810630787 38762.650390625007 -2.0285301208496089 6086.8149414062509
decision_type=2 2 2 2 2 2
left_child=1 3 -3 -1 -2 -6
right_child=4 2 -4 -5 5 -7
leaf_value=-0.060034366322765376 -0.055900326312883331 0.024935422691243578 0.094763116223516242 0.11494422638143278 0.10274697545944263 0.17682432462458261
leaf_weight=8.9050577282905561 1.0210157483816136 23.687388867139816 105.36583191156387 3.8171027898788443 12.278214812278749 18.912221074104309
leaf_count=62 7 121 361 12 38 35
internal_value=0.086433 0.0739521 0.0819852 -0.00714152 0.141211 0.147824
internal_weight=173.987 141.775 129.053 12.7222 32.2115 31.1904
internal_count=636 556 482 74 80 73
is_linear=0
shrinkage=0.05


Tree=3
num_leaves=7
num_cat=0
split_feature=6 40 37 31 35 36
split_gain=39.4982 29.7307 27.1519 22.395 21.9185 11.1119
threshold=-301398031.99999994 -0.71375343203544606 -2.8824677467346187 -8.5404577255249006 2.5787119865417485 -1.1999119520187376
decision_type=2 2 2 2 2 2
left_child=1 2 -1 -3 5 -2
right_child=4 3 -4 -5 -6 -7
leaf_value=-0.061444264919892772 0.036700519636473326 0.016519141821123788 0.062572832153903413 0.10195342988919394 0.14944052955731998 -0.060609463465794572
leaf_weight=5.0629535913467398 4.5414094626903525 8.3380365967750532 32.670137643814087 121.53668782114983 2.0951505601406089 8.0765807479619962
leaf_count=32 21 36 135 353 4 55
internal_value=0.078226 0.0851213 0.0457999 0.096507 0 -0.0251898
internal_weight=182.321 167.608 37.7331 129.875 14.7131 12.618
internal_count=636 556 167 389 80 76
is_linear=0
shrinkage=0.05


Tree=4
num_leaves=7
num_cat=0
split_feature=41 51 47 9 43 39
split_gain=34.1801 29.9672 27.4121 11.0399 11.9317 7.20233
threshold=1.5545482635498049 26.73891639709473 1.1240222454071047 4380730.2500000009 6086.8149414062509 -0.73036822676658619
decision_type=2 2 2 2 2 2
left_child=1 2 -1 -2 -5 -3
right_child=3 5 -4 4 -6 -7
leaf_value=0.05942216286110439 0.016108075660085815 0.18464254880351805 -0.035480486140860461 0.082648130086479477 0.14608374874504268 0.10498247942004978
leaf_weight=131.85358696430922 2.7121729105710974 4.5285127609968194 8.0074984729289991 12.127273231744764 21.232249870896339 9.2888654768466914
leaf_count=483 11 6 43 34 35 24
internal_value=0.0713038 0.0609535 0.0539529 0.115261 0.123173 0.131452
internal_weight=189.75 153.678 139.861 36.0717 33.3595 13.8174
internal_count=636 556 526 80 69 30
is_linear=0
shrinkage=0.05


Tree=5
num_leaves=7
num_cat=0
split_feature=60 40 14 43 35 47
split_gain=29.998 23.7872 23.6949 23.212 22.8034 20.515
threshold=-604865.71874999988 -0.71375343203544606 16.159999847412113 11646.980468750002 2.5787119865417485 -1.2906760573387144
decision_type=2 2 2 2 2 2
left_child=1 3 4 -1 -2 -3
right_child=2 5 -4 -5 -6 -7
leaf_value=-0.014572414119490588 -0.044532300573539303 0.015330727503557798 0.16738494808595178 0.065028923447026127 0.12582812790051712 0.086915721478766236
leaf_weight=13.923474892973898 12.980905696749689 11.044685229659079 1.9298771172761906 26.261704459786415 2.3055756986141196 127.93904757499695
leaf_count=71 80 44 3 96 4 338
internal_value=0.0653775 0.071436 0.00203696 0.037324 -0.0185107 0.081263
internal_weight=196.385 179.169 17.2164 40.1852 15.2865 138.984
internal_count=636 549 87 167 84 382
is_linear=0
shrinkage=0.05


Tree=6
num_leaves=8
num_cat=0
split_feature=41 50 60 18 19 38 17
split_gain=26.9711 23.0251 27.6766 25.771 9.83663 25.0424 5.68029
threshold=1.5545482635498049 6.2438218593597421 -2212046.2499999995 38762.650390625007 24281.719726562504 -1.603140592575073 4839.1501464843759
decision_type=2 2 2 2 2 2 2
left_child=1 3 -3 -1 5 -2 -6
right_child=4 2 -4 -5 6 -7 -8
leaf_value=-0.06045181349093745 0.11504089885325014 0.0048071300067026928 0.065792533245860721 0.087636561944676006 0.14551228677510261 -0.024869176678216812 0.095551382393870746
leaf_weight=8.9321334362030012 8.508260563015936 21.978832632303238 127.94348214566708 4.365933045744895 10.493873089551927 5.042832911014556 14.88711830973625
leaf_count=62 15 90 392 12 14 21 30
internal_value=0.0602708 0.0512867 0.0568853 -0.0114564 0.0978077 0.0626065 0.116405
internal_weight=202.152 163.22 149.922 13.2981 38.9321 13.5511 25.381
internal_count=636 556 482 74 80 36 44
is_linear=0
shrinkage=0.05


Tree=7
num_leaves=8
num_cat=0
split_feature=7 39 20 10 4 20 5
split_gain=23.713 39.0017 33.211 19.3679 29.9587 17.2984 7.83251
threshold=2.3917976617813115 -1.0938979387283323 9160.2651367187518 -9.9499997304519625e-05 12309.520019531252 19356.224609375004 31752.274414062504
decision_type=2 2 2 2 2 2 2
left_child=1 6 -3 4 -2 -5 -1
right_child=3 2 -4 5 -6 -7 -8
leaf_value=0.080201431382500243 0.06692250183817923 -0.031102966189246174 0.043015234356715767 0.13464105084129194 -0.065928131605651849 0.06496568859541578 0.15561038756123607
leaf_weight=7.5686571374535543 51.334804981946945 18.475492879748344 81.477575033903122 20.004718795418739 4.5883659720420829 16.762140765786171 7.0450174659490585
leaf_count=20 140 87 276 33 25 46 9
internal_value=0.0557946 0.0404867 0.0292651 0.0746614 0.055933 0.103012 0.116897
internal_weight=207.257 114.567 99.9531 92.69 55.9232 36.7669 14.6137
internal_count=636 392 363 244 165 79 29
is_linear=0
shrinkage=0.05


Tree=8
num_leaves=7
num_cat=0
split_feature=0 5 44 5 33 10
split_gain=23.0268 22.5132 29.084 21.2551 20.2888 7.96895
threshold=39620.000000000007 17376.580078125004 54372.449218750007 325267.53125000006 -1.2569817900657652 -0.0010544999968260524
decision_type=2 2 2 2 2 2
left_child=3 2 -2 5 -3 -1
right_child=1 4 -4 -5 -6 -7
leaf_value=0.046455755770988913 0.05290090349131979 0.021276868585237779 -0.068082611798623294 0.070454328548582842 0.1160187999030463 -0.062324932725017684
leaf_weight=1.9915097281336791 156.07106986641884 7.4434422105550757 5.0950966328382483 6.4187708795070639 25.394727915525436 9.5211717113852501
leaf_count=8 452 26 26 18 44 62
internal_value=0.0517864 0.056798 0.0490451 -0.00215594 0.0946959 -0.0430733
internal_weight=211.936 194.004 161.166 17.9315 32.8382 11.5127
internal_count=636 548 478 88 70 70
is_linear=0
shrinkage=0.05


Tree=9
num_leaves=7
num_cat=0
split_feature=6 47 31 6 35 39
split_gain=19.5225 19.9097 20.6465 18.1886 13.4833 8.95252
threshold=-301398031.99999994 -1.2906760573387144 -2.806754350662231 -1263863551.9999998 2.5787119865417485 -0.42025260627269739
decision_type=2 2 2 2 2 2
left_child=1 3 -3 -1 5 -2
right_child=4 2 -4 -5 -6 -7
leaf_value=0.076576839491205487 0.02399153816394366 0.03601458341786707 0.07020977461231874 -0.044901419953512892 0.098376131517766918 -0.061030839860557365
leaf_weight=4.573756903409957 5.0538420528173438 73.835237845778465 112.8144247084856 9.4116947352886182 2.5670468658208838 7.7460482940077773
leaf_count=11 23 230 272 43 4 53
internal_value=0.0482334 0.0523959 0.0567096 -0.00481605 -0.0057892 -0.0270704
internal_weight=216.002 200.635 186.65 13.9855 15.3669 12.7999
internal_count=636 556 502 54 80 76
is_linear=0
shrinkage=0.05


Tree=10
num_leaves=7
num_cat=0
split_feature=41 30 47 27 55 39
split_gain=20.7194 18.7978 19.9799 8.14206 11.833 6.2547
threshold=1.5545482635498049 27.512588500976566 1.1240222454071047 -372671.99999999994 -3.3032085895538326 -0.73036822676658619
decision_type=2 2 2 2 2 2
left_child=1 2 -1 -2 -5 -3
right_child=3 5 -4 4 -6 -7
leaf_value=0.036442275602479098 0.11910893462873542 0.13390887374357369 -0.0411589980947836 0 0.078562014998363211 0.066309762055009741
leaf_weight=151.89234133809805 9.1089359968900663 5.3310862779617336 8.7138779535889608 5.8714298456907263 27.41767729818821 11.229529187083243
leaf_count=483 10 5 43 19 51 25
internal_value=0.0450488 0.0374797 0.0322008 0.0765598 0.0647668 0.0883728
internal_weight=219.565 177.167 160.606 42.398 33.2891 16.5606
internal_count=636 556 526 80 70 30
is_linear=0
shrinkage=0.05


Tree=11
num_leaves=8
num_cat=0
split_feature=7 31 5 39 43 19 3
split_gain=18.2462 31.0397 30.2173 24.6553 23.7109 21.3467 15.4167
threshold=2.3917976617813115 -2.806754350662231 1941.2300415039065 -1.0938979387283323 390.25001525878912 74675.761718750015 -178123.47656249997
decision_type=2 2 2 2 2 2 2
left_child=2 5 4 -4 -1 -2 -3
right_child=1 6 3 -5 -6 -7 -8
leaf_value=0.044947590158067811 0.040206187908312874 -0.010595161769478402 0.11622525207163566 0.037631432582172351 -0.018893601662094129 -0.070041862720113465 0.092574936424247911
leaf_weight=23.076826378703117 43.466082409024239 3.8220901638269416 12.792819842696188 47.241901278495789 39.249946102499962 4.8544052690267554 48.179378539323807
leaf_count=64 121 15 16 150 162 24 84
internal_value=0.0421792 0.0580362 0.0291375 0.0544623 0.00466372 0.0290269 0.0848958
internal_weight=222.683 100.322 122.361 60.0347 62.3268 48.3205 52.0015
internal_count=636 244 392 166 226 145 99
is_linear=0
shrinkage=0.05


Tree=12
num_leaves=7
num_cat=0
split_feature=0 40 37 31 14 27
split_gain=16.4228 17.2048 18.54 14.7441 13.5093 15.7974
threshold=39620.000000000007 -0.71375343203544606 -2.8824677467346187 -8.5404577255249006 16.159999847412113 203232.00000000003
decision_type=2 2 2 2 2 2
left_child=4 2 -2 -3 5 -1
right_child=1 3 -4 -5 -6 -7
leaf_value=-0.062692032020288599 -0.065797059690100093 -0.0064815474857334646 0.028790919658963823 0.055315030519525438 0.10112981292193889 0.040134414652758195
leaf_weight=9.7317377999424952 5.9116284847259513 10.161193087697027 40.698681876063347 150.28917236626148 2.5349130779504767 6.0040233284234992
leaf_count=63 32 36 135 345 4 21
internal_value=0.0395746 0.0435871 0.016687 0.0513703 -0.00562536 -0.0231406
internal_weight=225.331 207.061 46.6103 160.45 18.2707 15.7358
internal_count=636 548 167 381 88 84
is_linear=0
shrinkage=0.05


Tree=13
num_leaves=8
num_cat=0
split_feature=45 45 60 45 38 31 41
split_gain=17.2979 30.9695 23.3724 12.5488 20.9571 18.4313 5.79441
threshold=1.2489369511604311 0.66985172033309948 -2212046.2499999995 2.0407370328903203 -2.2081887722015376 -3.8832709789276119 1.8346968889236452
decision_type=2 2 2 2 2 2 2
left_child=1 2 -1 5 -5 -2 -3
right_child=3 6 -4 4 -6 -7 -8
leaf_value=-0.012549550288574369 -0.014359706660245631 -0.07036167988207935 0.042560495153269623 0.10494980776500949 -0.010520537334383857 0.10277230858410409 0.018464605289502566
leaf_weight=21.905310153961182 3.8292511254549053 8.5745696425437909 150.49274248629808 6.1204603165388134 10.796421483159063 23.645788870751858 2.2309378385543814
leaf_count=80 14 44 406 9 41 36 6
internal_value=0.0372016 0.0303652 0.0355291 0.0653025 0.0309606 0.0862654 -0.0515596
internal_weight=227.595 183.204 172.398 44.3919 16.9169 27.475 10.8055
internal_count=636 536 486 100 50 50 50
is_linear=0
shrinkage=0.05


Tree=14
num_leaves=7
num_cat=0
split_feature=41 47 28 31 40 9
split_gain=16.7143 16.9814 20.71 17.99 9.08903 8.62769
threshold=1.5545482635498049 -1.2906760573387144 2726.9062500000005 -5.2328510284423819 -2.0285301208496089 4745791.2500000009
decision_type=2 2 2 2 2 2
left_child=1 2 -1 -3 -2 -6
right_child=4 3 -4 -5 5 -7
leaf_value=-0.050997688003067081 -0.063907457560549913 0 0.11072369190439012 0.040723053255752116 0.0061486007838643889 0.075289051835826459
leaf_weight=11.897126726806162 1.3332130014896382 33.526306182146072 2.3615719974040976 137.90858152508736 5.3114188909530631 37.44853150844574
leaf_count=56 7 118 3 379 16 57
internal_value=0.0349843 0.028364 -0.0238622 0.0327369 0.0627517 0.0668177
internal_weight=229.787 185.694 14.2587 171.435 44.0932 42.76
internal_count=636 556 59 497 80 73
is_linear=0
shrinkage=0.05


Tree=15
num_leaves=8
num_cat=0
split_feature=41 47 36 50 19 7 8
split_gain=15.0446 15.2011 17.637 16.3629 6.77219 19.0261 4.51887
threshold=1.5545482635498049 -1.1085230708122251 1.868808448314667 6.2438218593597421 24281.719726562504 3.424686193466187 1.3592000007629397
decision_type=2 2 2 2 2 2 2
left_child=1 2 -1 -3 5 -2 -6
right_child=4 3 -4 -5 6 -7 -8
leaf_value=-0.040954156811056887 -0.022493222857720468 -0.0260294638814169 0.071763592077578306 0.035823741195447484 0.038054536692155166 0.088666867065062327 0.085103595275461977
leaf_weight=15.067287363111975 7.7898598760366422 11.382753260433672 4.4890749901533118 156.24944216012955 7.2386963814497021 7.5095811039209366 21.818365469574928
leaf_count=68 27 62 9 417 16 9 28
internal_value=0.0329705 0.0267176 -0.0148246 0.0315939 0.0592454 0.0317418 0.0735548
internal_weight=231.545 187.189 19.5564 167.632 44.3565 15.2994 29.0571
internal_count=636 556 77 479 80 36 44
is_linear=0
shrinkage=0.05


Tree=16
num_leaves=6
num_cat=0
split_feature=48 47 24 60 48
split_gain=14.0834 17.127 16.9076 15.987 11.6021
threshold=1.1164074540138247 -1.6445464491844175 410.50000000000006 -2551386.8749999995 1.3636021614074709
decision_type=2 2 2 2 2
left_child=2 -2 3 -1 -3
right_child=1 4 -4 -5 -6
leaf_value=-0.072866919258058049 -0.065559574937651827 0.10209783795879629 -0.073494467758032048 0.029807326249711299 0.044430132667251807
leaf_weight=3.8433760255575171 2.5800973027944556 14.476139836013315 4.195300117135047 184.57452600449324 23.255416736006737
leaf_count=18 14 19 20 510 55
internal_value=0.0311275 0.0580992 0.0254566 0.0276864 0.0666875
internal_weight=232.925 40.3117 192.613 188.418 37.7316
internal_count=636 88 548 528 74
is_linear=0
shrinkage=0.05


Tree=17
num_leaves=8
num_cat=0
split_feature=7 39 24 31 40 24 10
split_gain=13.5269 24.3251 27.6654 23.8259 16.1491 15.7065 5.14728
threshold=2.3917976617813115 -1.0938979387283323 64.500000000000014 -2.806754350662231 -2.0285301208496089 229.50000000000003 -1.0000000180025095e-35
decision_type=2 2 2 2 2 2 2
left_child=1 6 -3 5 -5 -2 -1
right_child=3 2 -4 4 -6 -7 -8
leaf_value=0.034873253346583442 0.026392363582103728 -0.022217855287257993 0.029161785210207094 -0.066829322893618065 0.070984175650941714 -0.072667945875535711 0.094528982019240121
leaf_weight=5.8322609812021282 46.367493763566017 41.809427805244923 69.9045315310359 2.1772922128438941 52.908419102430344 4.3576585948467246 11.107032671570776
leaf_count=15 124 162 201 11 88 21 14
internal_value=0.0293656 0.0184057 0.00988798 0.0426444 0.0654463 0.0177838 0.0742845
internal_weight=234.464 128.653 111.714 105.811 55.0857 50.7252 16.9393
internal_count=636 392 363 244 99 145 29
is_linear=0
shrinkage=0.05


Tree=18
num_leaves=8
num_cat=0
split_feature=45 45 0 45 38 31 54
split_gain=13.0953 26.5766 18.7696 9.80659 17.6162 14.5209 6.16683
threshold=1.2489369511604311 0.66985172033309948 196900.00000000003 2.0407370328903203 -2.2081887722015376 -3.8832709789276119 -2.6907418966293331
decision_type=2 2 2 2 2 2 2
left_child=1 2 -1 5 -5 -2 -3
right_child=3 6 -4 4 -6 -7 -8
leaf_value=0.032268754336356308 -0.018481522177479254 0.022564272598323172 -0.019283430125787482 0.088470181353992511 -0.015820041067145123 0.084060262174966635 -0.072288393194752096
leaf_weight=158.82469048351049 3.9235175400972393 2.0361383482813826 19.738331913948059 6.3262906521558788 11.095300756394861 24.7148232832551 8.7933329045772535
leaf_count=414 14 6 72 9 41 36 44
internal_value=0.0277717 0.0219108 0.0265422 0.0517626 0.0217638 0.0698372 -0.0539927
internal_weight=235.452 189.392 178.563 46.0599 17.4216 28.6383 10.8295
internal_count=636 536 486 100 50 50 50
is_linear=0
shrinkage=0.05


Tree=19
num_leaves=7
num_cat=0
split_feature=41 40 53 60 9 4
split_gain=12.9379 14.73 21.3397 16.7268 6.41072 7.29128
threshold=1.5545482635498049 -0.90840467810630787 0.78500068187713634 -1048129.5937499999 4745791.2500000009 309.52999877929693
decision_type=2 2 2 2 2 2
left_child=1 2 -1 -3 -2 -6
right_child=4 3 -4 -5 5 -7
leaf_value=-0.038798154818161082 0 0.038487784012625773 0.045750593362231355 0.0040479238623605225 0.037930834441258603 0.082097593981974637
leaf_weight=21.727599248290062 5.4597498029470435 105.35482974350452 11.335956230759619 53.501242510974407 21.631689175963402 17.389836356043816
leaf_count=97 16 247 31 181 43 21
internal_value=0.0262676 0.0205924 -0.0096591 0.0269202 0.0506416 0.0577418
internal_weight=236.401 191.92 33.0636 158.856 44.4813 39.0215
internal_count=636 556 128 428 80 64
is_linear=0
shrinkage=0.05


Tree=20
num_leaves=7
num_cat=0
split_feature=0 5 44 5 33 19
split_gain=11.7189 15.8028 20.9696 14.3409 13.2864 8.61209
threshold=39620.000000000007 17376.580078125004 54372.449218750007 325267.53125000006 -1.2569817900657652 128411.16406250001
decision_type=2 2 2 2 2 2
left_child=3 2 -2 5 -3 -1
right_child=1 4 -4 -5 -6 -7
leaf_value=-0.063835500837996814 0.025067291591177383 0.001815416263825643 -0.07348437748684869 0.042945894518606975 0.073945077776778598 0.05689516838654235
leaf_weight=10.226858615875246 175.13409684598446 8.375948026776312 5.5451144427061072 7.1810897737741461 28.932490527629852 1.6829890385270108
leaf_count=65 452 26 26 18 44 5
internal_value=0.0248803 0.0281772 0.022015 -0.0125025 0.0578856 -0.0463551
internal_weight=237.079 217.988 180.679 19.0909 37.3084 11.9098
internal_count=636 548 478 88 70 70
is_linear=0
shrinkage=0.05


Tree=21
num_leaves=7
num_cat=0
split_feature=41 30 31 38 14 34
split_gain=11.6652 13.5992 15.1829 6.07301 5.2875 4.38977
threshold=1.5545482635498049 27.512588500976566 -5.2328510284423819 -3.2607740163803096 17.159999847412113 -0.63386574387550343
decision_type=2 2 2 2 2 2
left_child=1 2 -1 -2 -5 -3
right_child=3 5 -4 4 -6 -7
leaf_value=-0.017799251305291589 -0.076736872082951338 0.029252432289685111 0.020762765158827027 0.040739612320728494 0.085743662310734006 0.08093840368438511
leaf_weight=30.864945359528065 0.94292522966861625 7.3818388432264355 144.46863037347794 35.122192874550819 8.3878858834505063 10.482898429036139
leaf_count=114 4 16 412 67 9 14
internal_value=0.0235737 0.0182176 0.013946 0.0467396 0.0495304 0.0598613
internal_weight=237.651 193.198 175.334 44.453 43.5101 17.8647
internal_count=636 556 526 80 76 30
is_linear=0
shrinkage=0.05


Tree=22
num_leaves=7
num_cat=0
split_feature=45 46 60 45 35 45
split_gain=11.2819 23.856 21.7148 18.8398 10.686 10.4376
threshold=1.2489369511604311 0.35717864334583288 -2212046.2499999995 0.064950138330459609 -2.579554438591003 2.0407370328903203
decision_type=2 2 2 2 2 2
left_child=1 2 -1 -3 -2 -6
right_child=4 3 -4 -5 5 -7
leaf_value=-0.023467585980101534 -0.075207170870400186 0.007751865650225339 0.031291230029429039 -0.074955745018190564 0.068540844038715562 0.018422707522685249
leaf_weight=20.631714761257172 1.7600087672471989 17.128416076302532 142.5586606785655 11.410890012979506 27.475950509309769 17.21751606464386
leaf_count=75 8 51 356 54 44 48
internal_value=0.0223449 0.0169464 0.0243376 -0.025142 0.0445188 0.0493454
internal_weight=238.183 191.73 163.19 28.5393 46.4535 44.6935
internal_count=636 536 431 105 100 92
is_linear=0
shrinkage=0.05


Tree=23
num_leaves=8
num_cat=0
split_feature=7 5 31 43 39 19 1
split_gain=11.4705 21.2362 19.9238 18.0654 17.5936 14.9468 13.912
threshold=2.3917976617813115 1941.2300415039065 -2.806754350662231 390.25001525878912 -1.0938979387283323 74675.761718750015 50224.939453125007
decision_type=2 2 2 2 2 2 2
left_child=1 3 5 -1 -3 -2 -4
right_child=2 4 6 -5 -6 -7 -8
leaf_value=0.025026666098046157 0.019642160640333244 0.082361322838544013 -0.078781210932611506 -0.028621915908857085 0.01809377501645627 -0.071979090864544515 0.058829187549025878
leaf_weight=25.034585207700729 46.649672701954842 13.586457207798956 1.870958313345908 41.835653521120548 50.939662642776966 4.905114918947219 53.781863838434219
leaf_count=64 121 16 8 162 150 24 91
internal_value=0.021184 0.0112241 0.0333445 -0.00846242 0.0317033 0.010828 0.0541131
internal_weight=238.604 131.396 107.208 66.8702 64.5261 51.5548 55.6528
internal_count=636 392 244 226 166 145 99
is_linear=0
shrinkage=0.05


Tree=24
num_leaves=7
num_cat=0
split_feature=48 23 60 48 0 30
split_gain=10.5601 18.0422 12.6376 12.4822 13.8979 0.305622
threshold=1.1164074540138247 251.00000000000003 -2551386.8749999995 1.3636021614074709 123737.00000000001 9.3118114471435565
decision_type=2 2 2 2 2 2
left_child=1 2 -1 5 -5 -2
right_child=3 -3 -4 4 -6 -7
leaf_value=-0.072197942337937124 0.069856681037656868 -0.071277883363992323 0.019790669643914169 0.052386885936869056 -0.021771200204491317 0.09037077907359431
leaf_weight=3.7872212678194037 7.7881095036864263 5.8175587952136985 188.04997103661299 15.50577235221863 10.547526359558104 7.0920698195695877
leaf_count=18 12 29 501 31 37 8
internal_value=0.0201233 0.0152971 0.0179486 0.0433052 0.0221725 0.07997
internal_weight=238.588 197.655 191.837 40.9335 26.0533 14.8802
internal_count=636 548 519 88 68 20
is_linear=0
shrinkage=0.05


Tree=25
num_leaves=7
num_cat=0
split_feature=0 5 5 44 46 17
split_gain=10.528 12.6345 12.2625 18.4587 8.42032 7.98492
threshold=39620.000000000007 325267.53125000006 17376.580078125004 54372.449218750007 0.35717864334583288 32017.115234375004
decision_type=2 2 2 2 2 2
left_child=1 5 3 -2 -4 -1
right_child=2 -3 4 -5 -6 -7
leaf_value=-0.064054824801910867 0.019633498557479423 0.03512421687297692 0.061693159644723362 -0.073217286775807341 0.0059755354245702016 0.053997520737744144
leaf_weight=10.422463171184065 176.35208596289158 7.3650981187820426 28.486793875694275 5.4994723051786414 9.1684461683034879 1.6144863292574871
leaf_count=66 452 18 46 26 24 4
internal_value=0.0190878 -0.0160672 0.0222179 0.0167981 0.0482596 -0.0478054
internal_weight=238.909 19.402 219.507 181.852 37.6552 12.0369
internal_count=636 88 548 478 70 70
is_linear=0
shrinkage=0.05


Tree=26
num_leaves=7
num_cat=0
split_feature=41 47 28 31 38 43
split_gain=10.4545 10.9692 14.1543 12.658 5.55154 5.1485
threshold=1.5545482635498049 -1.2906760573387144 2726.9062500000005 -5.2328510284423819 -3.2607740163803096 6086.8149414062509
decision_type=2 2 2 2 2 2
left_child=1 2 -1 -3 -2 -6
right_child=4 3 -4 -5 5 -7
leaf_value=-0.05207500655148263 -0.07763853362280225 -0.010435222354474792 0.077871655082312891 0.022974998094732111 0.020811725351483998 0.056953510129672973
leaf_weight=11.805730156600474 0.94652867317199607 34.958584196865559 2.5224221646785727 145.90956446528435 16.680120855569839 26.139102354645729
leaf_count=56 4 118 3 379 37 39
internal_value=0.0181262 0.0131361 -0.0288494 0.0164898 0.0402682 0.0429913
internal_weight=238.962 195.196 14.3282 180.868 43.7658 42.8192
internal_count=636 556 59 497 80 76
is_linear=0
shrinkage=0.05


Tree=27
num_leaves=7
num_cat=0
split_feature=45 45 10 44 47 11
split_gain=9.89621 21.0082 14.6714 8.56038 13.3717 4.71522
threshold=1.2489369511604311 0.66985172033309948 -0.0011209999793209133 231686.00000000003 1.3878921866416933 27.375000000000004
decision_type=2 2 2 2 2 2
left_child=1 2 -1 4 -2 -3
right_child=3 5 -4 -5 -6 -7
leaf_value=-0.075902542035465759 0.061030733341585257 0.010888768965538781 0.018400960115267494 -0.028591656767304786 -0.0042636304560578746 -0.072414269502943746
leaf_weight=4.2031222134828559 31.695324748754501 1.9932963177561749 177.94746118038893 4.2802706956863394 10.232782028615473 8.5751335769891721
leaf_count=20 51 6 466 16 33 44
internal_value=0.0172207 0.0121997 0.0161975 0.0380533 0.044976 -0.0562295
internal_weight=238.927 192.719 182.151 46.2084 41.9281 10.5684
internal_count=636 536 486 100 84 50
is_linear=0
shrinkage=0.05


Tree=28
num_leaves=8
num_cat=0
split_feature=7 39 20 7 59 36 10
split_gain=9.82114 18.0086 22.7702 13.2144 18.3825 11.2932 4.51343
threshold=2.3917976617813115 -1.0938979387283323 9160.2651367187518 2.4846223592758183 10577.363281250002 -0.76429969072341908 -1.0000000180025095e-35
decision_type=2 2 2 2 2 2 2
left_child=1 6 -3 5 -5 -2 -1
right_child=3 2 -4 4 -6 -7 -8
leaf_value=0.018794014666777031 0.028728669389440565 -0.047276860846981773 0.010532621106538043 0.027845651302103147 -0.041810499699530948 0.105953434479785 0.074298118767666094
leaf_weight=5.8905499577522304 10.387706965208055 20.804655477404594 93.972056791186333 77.018054284155369 10.748141616582869 9.0728660821914655 11.044624984264372
leaf_count=15 24 87 276 172 40 8 14
internal_value=0.0163534 0.00715573 1.03964e-05 0.0276047 0.0192584 0.0649892 0.0552874
internal_weight=238.939 131.712 114.777 107.227 87.7662 19.4606 16.9352
internal_count=636 392 363 244 212 32 29
is_linear=0
shrinkage=0.05


Tree=29
num_leaves=7
num_cat=0
split_feature=50 20 47 0 48 35
split_gain=9.5541 11.2587 10.9623 13.83 11.9778 4.56577
threshold=6.2438218593597421 403918.75000000006 -1.2906760573387144 190848.00000000003 1.1164074540138247 -1.3726775646209715
decision_type=2 2 2 2 2 2
left_child=1 5 3 -2 -4 -1
right_child=2 -3 4 -5 -6 -7
leaf_value=-0.067037268562735411 -0.05447456980309099 0.075718098563560682 0.015967463911810888 0.048012244267311703 0.048753453154756515 -0.0082896714623392556
leaf_weight=7.1732170432806024 10.565434768795965 2.4912235885858527 173.84967270493507 4.7361827343702307 33.453878536820412 6.5396275669336328
leaf_count=42 47 3 442 10 60 32
internal_value=0.0155451 -0.0213807 0.0182555 -0.0224259 0.0212825 -0.0393853
internal_weight=238.809 16.2041 222.605 15.3016 207.304 13.7128
internal_count=636 77 559 57 502 74
is_linear=0
shrinkage=0.05


Tree=30
num_leaves=8
num_cat=0
split_feature=41 40 38 60 4 44 34
split_gain=9.10363 11.7148 22.9116 13.2794 5.15123 11.8178 2.45766
threshold=1.5545482635498049 -0.71375343203544606 0.92608585953712474 -1048129.5937499999 309.52999877929693 2518.055053710938 -1.0485585331916807
decision_type=2 2 2 2 2 2 2
left_child=1 2 -1 -3 5 -2 -6
right_child=4 3 -4 -5 6 -7 -8
leaf_value=-0.044804721337597275 0.041603414317821684 0.02677527090002807 0.03295852755935548 -0.0039866511478425029 0.072659458130809013 -0.035355940070163065 0.033223901521696297
leaf_weight=24.000254809856415 18.540051668882374 103.23173016309738 15.58408263325691 52.747021146118641 10.328830912709238 6.7584690153598777 7.4052928984165183
leaf_count=104 32 234 40 178 12 22 14
internal_value=0.014778 0.0101608 -0.0140636 0.0163405 0.035645 0.0208462 0.0564742
internal_weight=238.596 195.563 39.5843 155.979 43.0326 25.2985 17.7341
internal_count=636 556 144 412 80 54 26
is_linear=0
shrinkage=0.05


Tree=31
num_leaves=7
num_cat=0
split_feature=41 51 44 27 55 47
split_gain=8.33224 10.676 13.811 5.18168 9.00736 3.88001
threshold=1.5545482635498049 26.73891639709473 946568.25000000012 -372671.99999999994 -3.3032085895538326 0.14390164613723758
decision_type=2 2 2 2 2 2
left_child=1 2 -1 -2 -5 -3
right_child=3 5 -4 4 -6 -7
leaf_value=0.008367236211646931 0.068761293072754137 0.013331415072430531 -0.074731492891319459 -0.029237545393979034 0.037222287396990635 0.063842018686525795
leaf_weight=172.66816791146994 8.7448655366897565 6.0713066756725338 5.1400594264268866 6.155828818678855 27.846211269497871 11.59414719045162
leaf_count=501 10 14 25 19 51 16
internal_value=0.0140609 0.00965227 0.00593691 0.0341037 0.0250432 0.0467654
internal_weight=238.221 195.474 177.808 42.7469 34.002 17.6655
internal_count=636 556 526 80 70 30
is_linear=0
shrinkage=0.05


Tree=32
num_leaves=7
num_cat=0
split_feature=50 47 0 60 28 34
split_gain=8.24431 9.7953 11.9655 10.9465 9.74883 9.47884
threshold=6.2438218593597421 -1.2906760573387144 190848.00000000003 -1312024.3749999998 1.0000000180025095e-35 0.07990171387791635
decision_type=2 2 2 2 2 2
left_child=4 2 -2 -3 -1 -6
right_child=1 3 -4 -5 5 -7
leaf_value=-0.064920381609735678 -0.053054167712188786 0.0064222111699224135 0.042427748871770789 0.029548915775190795 0.07339916272100401 -0.030904801010751156
leaf_weight=7.1102434843778601 10.389972925186155 96.943604648113251 4.7420178651809684 109.93909788876772 3.7997401505708677 5.0355797782540321
leaf_count=44 47 262 10 240 6 27
internal_value=0.0133754 0.0158824 -0.0228019 0.0187361 -0.0212175 0.0133865
internal_weight=237.96 222.015 15.132 206.883 15.9456 8.83532
internal_count=636 559 57 502 77 33
is_linear=0
shrinkage=0.05


Tree=33
num_leaves=8
num_cat=0
split_feature=7 5 24 39 39 7 36
split_gain=8.11542 17.568 16.5275 13.5151 12.0472 18.1857 10.4455
threshold=2.3917976617813115 1941.2300415039065 67.500000000000014 -1.0938979387283323 -0.86960795521736134 2.6057516336441044 1.0000000180025095e-35
decision_type=2 2 2 2 2 2 2
left_child=1 2 -1 -3 5 -2 -6
right_child=4 3 -4 -5 6 -7 -8
leaf_value=-0.049286900255136393 0.047362854717856291 0.068561600179301171 0.0036034391151216366 0.011373355858515 0.01646764310321585 -0.082387039564961684 0.051338500123393832
leaf_weight=21.765782885253429 4.6934383511543256 13.07703413069248 45.494873121380806 50.845399409532547 62.049691312015057 6.273122638463974 33.397238418459892
leaf_count=89 9 16 137 150 148 27 60
internal_value=0.0127228 0.00435296 -0.0134377 0.023151 0.0229938 -0.0264011 0.0287215
internal_weight=237.597 131.183 67.2607 63.9224 106.413 10.9666 95.4469
internal_count=636 392 226 166 244 36 208
is_linear=0
shrinkage=0.05


Tree=34
num_leaves=7
num_cat=0
split_feature=31 7 7 56 60 58
split_gain=8.05756 15.9616 17.9359 13.7297 13.8545 12.3751
threshold=-2.806754350662231 2.3917976617813115 2.283017754554749 69.774089813232436 -2499361.6249999995 9307.6279296875018
decision_type=2 2 2 2 2 2
left_child=3 2 -2 4 -1 -3
right_child=1 5 -4 -5 -6 -7
leaf_value=-0.073731499094608494 0.012135095936517029 0.059679318307342681 -0.081008269222329787 -0.076913180695806813 0.010559001275720179 0.0104768740820648
leaf_weight=5.1981083154678336 89.909321472048759 33.444824576377869 5.474884331226348 5.4369677156209937 76.585489019751549 21.126332208514214
leaf_count=25 250 48 24 25 213 51
internal_value=0.0121095 0.019138 0.00673641 0 0.00514042 0.040723
internal_weight=237.176 149.955 95.3842 87.2206 81.7836 54.5712
internal_count=636 373 274 263 238 99
is_linear=0
shrinkage=0.05


Tree=35
num_leaves=7
num_cat=0
split_feature=48 24 48 0 40 1
split_gain=7.97409 11.7835 11.4131 12.3702 10.3352 0.703843
threshold=1.1164074540138247 410.50000000000006 1.3636021614074709 123737.00000000001 -0.71375343203544606 196617.35156250003
decision_type=2 2 2 2 2 2
left_child=1 4 5 -4 -1 -2
right_child=2 -3 3 -5 -6 -7
leaf_value=-0.012828147566934178 0.080965325013720682 -0.076100550104017131 0.040811022576795752 -0.029682570918335607 0.015262975739806315 0.054801648114429037
leaf_weight=41.61035281419754 6.9407586455345136 4.1276944428682318 15.15149085223675 10.492386117577551 151.12348312884569 7.3079479187726974
leaf_count=144 8 20 31 37 384 12
internal_value=0.0115227 0.00735893 0.0319447 0.0117731 0.00917229 0.0678973
internal_weight=236.754 196.862 39.8926 25.6439 192.734 14.2487
internal_count=636 548 88 68 528 20
is_linear=0
shrinkage=0.05


Tree=36
num_leaves=7
num_cat=0
split_feature=45 45 60 5 21 11
split_gain=7.5064 18.6103 13.4138 8.50704 10.625 3.78429
threshold=1.2489369511604311 0.66985172033309948 -2212046.2499999995 86701.031250000015 472.25000000000006 27.375000000000004
decision_type=2 2 2 2 2 2
left_child=1 2 -1 4 -2 -3
right_child=3 5 -4 -5 -6 -7
leaf_value=-0.025589464415620208 0.055958567736698633 0.0027762666738463723 0.01552149035381058 -0.040311266745548913 0.0032272910823127909 -0.072800560611171225
leaf_weight=22.603489458560944 25.582520827651024 1.9025010988116253 158.36476334184408 3.9331424683332434 15.578858613967894 8.4704635366797429
leaf_count=80 41 6 406 15 44 44
internal_value=0.010961 0.0066022 0.010359 0.0293448 0.0361222 -0.058457
internal_weight=236.436 191.341 180.968 45.0945 41.1614 10.373
internal_count=636 536 486 100 85 50
is_linear=0
shrinkage=0.05


Tree=37
num_leaves=7
num_cat=0
split_feature=50 20 47 6 48 36
split_gain=7.54084 9.54111 8.91962 9.70739 9.41897 3.98148
threshold=6.2438218593597421 403918.75000000006 -1.2906760573387144 -1263863551.9999998 1.1164074540138247 -0.93775194883346547
decision_type=2 2 2 2 2 2
left_child=1 5 3 -2 -4 -1
right_child=2 -3 4 -5 -6 -7
leaf_value=-0.0081077153421131969 0.032662327136536294 0.067518649254196816 0.010880114666070929 -0.052606558093933123 0.040321451149069265 -0.064232713755754386
leaf_weight=5.8978940695524207 4.9188427627086631 2.4272525310516349 172.88418769836426 10.065713591873644 32.483584120869637 7.417405165731906
leaf_count=25 11 3 442 46 60 49
internal_value=0.0104261 -0.0228917 0.0128291 -0.0242824 0.0155613 -0.0397481
internal_weight=236.095 15.7426 220.352 14.9846 205.368 13.3153
internal_count=636 77 559 57 502 74
is_linear=0
shrinkage=0.05


Tree=38
num_leaves=8
num_cat=0
split_feature=31 7 7 13 1 20 18
split_gain=7.33029 14.1942 16.2514 12.507 11.4592 10.4413 2.59611
threshold=-2.806754350662231 2.3917976617813115 2.283017754554749 5922612.2500000009 50224.939453125007 71001.660156250015 12493.969726562502
decision_type=2 2 2 2 2 2 2
left_child=3 2 -2 5 -3 -1 -5
right_child=1 4 -4 6 -6 -7 -8
leaf_value=-0.0010997734145023451 0.010098977699781436 -0.08234521000813344 -0.079381737564418409 0.021107829690092391 0.041697068905198607 -0.055528597830457022 0.07515426399771151
leaf_weight=67.021331317722797 89.482897602021694 1.9051851332187641 5.372280314564704 4.2946106046438199 51.870082423090935 10.182244919240473 5.4319830685853958
leaf_count=197 250 8 24 12 91 46 8
internal_value=0.00992502 0.0166734 0.00497838 -0.00155559 0.0372094 -0.00834306 0.051805
internal_weight=235.561 148.63 94.8552 86.9302 53.7753 77.2036 9.72659
internal_count=636 373 274 263 99 243 20
is_linear=0
shrinkage=0.05


Tree=39
num_leaves=5
num_cat=0
split_feature=30 44 1 39
split_gain=7.17785 12.1719 9.6562 3.87969
threshold=27.512588500976566 946568.25000000012 109125.61718750001 0.67687189579010021
decision_type=2 2 2 2
left_child=1 2 -1 -2
right_child=3 -3 -4 -5
leaf_value=-0.0080908090744638127 0.013928612922922684 -0.073505475256836761 0.015439112135219047 0.062262818489149691
leaf_weight=60.786267071962357 7.9841081500053432 4.5890865325927725 152.2813700735569 9.4323195070028287
leaf_count=192 17 23 391 13
internal_value=0.00944577 0.00694652 0.00870277 0.0403923
internal_weight=235.073 217.657 213.068 17.4164
internal_count=636 606 583 30
is_linear=0
shrinkage=0.05


Tree=40
num_leaves=7
num_cat=0
split_feature=5 44 31 14 14 44
split_gain=7.03235 20.3579 10.5515 8.13095 17.1399 6.92092
threshold=17376.580078125004 54372.449218750007 -11.952705383300779 16.159999847412113 9.9250001907348651 231686.00000000003
decision_type=2 2 2 2 2 2
left_child=1 2 -1 4 -2 -5
right_child=3 -3 -4 5 -6 -7
leaf_value=-0.071816607839340407 0.035909221432815129 -0.070888534680707257 0.010015002460385728 0.072300061844554203 -0.058364942992194482 0.022117933190404466
leaf_weight=4.0186899527907363 13.313176408410074 8.5402183011174184 172.29943077266216 11.854730799794199 7.5539810806512824 17.33301742374897
leaf_count=20 35 47 450 14 34 36
internal_value=0.00897869 0.00444431 0.00812152 0.0256248 0.00154205 0.0426709
internal_weight=234.913 184.858 176.318 50.0549 20.8672 29.1877
internal_count=636 517 470 119 69 50
is_linear=0
shrinkage=0.05


Tree=41
num_leaves=8
num_cat=0
split_feature=41 40 38 60 4 44 7
split_gain=7.24438 9.06918 18.7862 11.4263 4.83027 10.7356 2.7565
threshold=1.5545482635498049 -0.71375343203544606 0.92608585953712474 -1048129.5937499999 309.52999877929693 2518.055053710938 2.8642545938491826
decision_type=2 2 2 2 2 2 2
left_child=1 2 -1 -3 5 -2 -6
right_child=4 3 -4 -5 6 -7 -8
leaf_value=-0.045046099742157751 0.033632655140398877 0.019637158599490698 0.02543465150081738 -0.0091531558883037271 0.028895579589739498 -0.041206412718393766 0.07103368778561242
leaf_weight=23.70060883462429 17.550334870815281 102.57155086100101 15.634630024433134 51.628894567489624 9.0853511244058627 6.5471936464309684 7.6501300334930411
leaf_count=104 32 234 40 178 18 22 8
internal_value=0.00854683 0.00447818 -0.0169049 0.00996525 0.0277085 0.0130917 0.0484565
internal_weight=234.369 193.536 39.3352 154.2 40.833 24.0975 16.7355
internal_count=636 556 144 412 80 54 26
is_linear=0
shrinkage=0.05


Tree=42
num_leaves=6
num_cat=0
split_feature=60 38 50 20 47
split_gain=6.80034 12.7137 6.98966 8.36456 6.56977
threshold=-2544068.4999999995 3.0499018430709843 6.2438218593597421 403918.75000000006 -1.2906760573387144
decision_type=2 2 2 2 2
left_child=1 -1 3 -2 -4
right_child=2 -3 4 -5 -6
leaf_value=-0.075445594198018981 -0.03867458302987431 0.05525160796157233 -0.021176147784579158 0.062781440386721746 0.014590566681989939
leaf_weight=6.0495624691247922 12.963765554130076 2.6442316174507141 13.629550226032732 2.378009930253028 195.96310509741306
leaf_count=29 74 4 52 3 474
internal_value=0.00814629 -0.0351187 0.00984073 -0.0226228 0.0122408
internal_weight=233.628 8.69379 224.934 15.3418 209.593
internal_count=636 33 603 77 526
is_linear=0
shrinkage=0.05


Tree=43
num_leaves=6
num_cat=0
split_feature=5 44 45 39 39
split_gain=6.74002 18.5651 9.23065 7.54214 14.4243
threshold=17376.580078125004 54372.449218750007 1.2489369511604311 -0.92562845349311818 0.67687189579010021
decision_type=2 2 2 2 2
left_child=1 2 -1 -2 -5
right_child=3 -3 -4 4 -6
leaf_value=0.0011686806037070235 0.061913065728921537 -0.06988751500163809 0.030407083852177358 -0.026003505736431023 0.036947961741684347
leaf_weight=141.80090289562941 10.487310752272604 8.2626049146056157 33.461583852767944 14.26822044700384 24.853978335857391
leaf_count=400 14 47 70 53 52
internal_value=0.00775225 0.00330056 0.00677948 0.02412 0.0138612
internal_weight=233.135 183.525 175.262 49.6095 39.1222
internal_count=636 517 470 119 105
is_linear=0
shrinkage=0.05


Tree=44
num_leaves=6
num_cat=0
split_feature=41 12 45 9 43
split_gain=6.62851 8.43707 12.4479 4.93163 6.41621
threshold=1.5545482635498049 5761192.2500000009 -0.68194594979286183 4380730.2500000009 6086.8149414062509
decision_type=2 2 2 2 2
left_child=1 2 -1 -2 -5
right_child=3 -3 -4 4 -6
leaf_value=-0.022166139221843545 -0.030523045991357078 0.076387852201070361 0.0088224676112934487 0.0044539434563018203 0.047851326487179532
leaf_weight=41.543648712337017 3.4524569958448401 3.8932761549949637 146.91709716618061 14.096537366509436 22.610356450080872
leaf_count=138 11 5 413 34 35
internal_value=0.00738473 0.00349724 0.00196491 0.0258804 0.0313217
internal_weight=232.513 192.354 188.461 40.1594 36.7069
internal_count=636 556 551 80 69
is_linear=0
shrinkage=0.05


Tree=45
num_leaves=8
num_cat=0
split_feature=36 36 40 40 47 10 47
split_gain=6.27235 23.4612 19.0974 11.4661 11.2448 14.2835 3.31327
threshold=1.6891598105430605 0.89533519744873058 -2.0285301208496089 -1.918787896633148 -0.17692117393016812 -0.00043000000005122269 -0.6115698218345641
decision_type=2 2 2 2 2 2 2
left_child=1 2 -1 -3 6 -6 -2
right_child=4 3 -4 -5 5 -7 -8
leaf_value=-0.070573279995626639 0.036842983593341892 0.04167547656756046 0.013674726547260936 -0.054739430742291074 0.052388833780102798 -0.05440787338193144 0.086479708347023773
leaf_weight=6.9832272306084624 7.975865826010704 3.5334501117467907 172.78805664554238 21.736614130437374 5.8182926923036575 6.7584262490272504 6.5723234415054339
leaf_count=35 16 9 441 91 11 27 6
internal_value=0.00702832 0.00401094 0.0103743 -0.0410601 0.0296528 -0.00460359 0.0596107
internal_weight=232.166 205.041 179.771 25.2701 27.1249 12.5767 14.5482
internal_count=636 576 476 100 60 38 22
is_linear=0
shrinkage=0.05


Tree=46
num_leaves=6
num_cat=0
split_feature=60 38 41 9 40
split_gain=6.22844 11.2646 6.42282 9.59098 8.21187
threshold=-2544068.4999999995 3.0499018430709843 1.5545482635498049 4745791.2500000009 -0.90840467810630787
decision_type=2 2 2 2 2
left_child=1 -1 4 -4 -2
right_child=2 -3 3 -5 -6
leaf_value=-0.073729837325686706 -0.018108844361093765 0.05051981319402752 -0.041884389299324573 0.036778611250632892 0.0093895180015058297
leaf_weight=5.9013390839099866 32.908117972314358 2.5924160331487656 4.3410865366458884 32.570122420787811 153.2321497425437
leaf_count=29 123 4 15 56 409
internal_value=0.00669317 -0.0352184 0.00831157 0.0273917 0.00450116
internal_weight=231.545 8.49376 223.051 36.9112 186.14
internal_count=636 33 603 71 532
is_linear=0
shrinkage=0.05


Tree=47
num_leaves=7
num_cat=0
split_feature=31 53 33 7 5 45
split_gain=6.1287 12.7571 12.2669 11.4395 12.3254 9.74221
threshold=-5.2328510284423819 0.13470112532377246 -1.0595259070396421 2.8642545938491826 809.77999877929699 -0.48717500269412989
decision_type=2 2 2 2 2 2
left_child=1 2 -1 4 -2 -5
right_child=3 -3 -4 5 -6 -7
leaf_value=0.0099466018704587478 -0.0082715238681340345 -0.079835103388811501 -0.078705519336452506 0.06052467725386397 0.020235589234918906 0.005176016981364915
leaf_weight=34.921921469271183 83.661471728235483 5.7268923819065085 4.3929457813501349 18.957963243126869 69.155976057052612 14.054972335696219
leaf_count=97 255 26 20 27 176 35
internal_value=0.00637572 -0.0101151 0 0.0103997 0.00459636 0.0371119
internal_weight=230.872 45.0418 39.3149 185.83 152.817 33.0129
internal_count=636 143 117 493 431 62
is_linear=0
shrinkage=0.05


Tree=48
num_leaves=8
num_cat=0
split_feature=28 36 40 21 40 57 55
split_gain=6.00363 17.6589 15.4565 12.1401 9.75143 5.06719 3.22402
threshold=708.42187500000011 0.89533519744873058 -2.0285301208496089 1.0000000180025095e-35 -1.7692686319351194 67.900413513183608 3.7945779561996464
decision_type=2 2 2 2 2 2 2
left_child=1 2 -1 5 -3 -2 -5
right_child=3 4 -4 6 -6 -7 -8
leaf_value=-0.069345020361077411 0.070628013576936988 0.036669702018069711 0.011129124583375876 -0.080823390447934934 -0.051739061571231509 0.024260094887402894 -0.00037876067268504429
leaf_weight=6.1776206046342841 8.2974071800708789 3.627967685461047 164.55493757128716 2.8552770316600791 19.975932568311691 22.520342886447906 2.4339659661054611
leaf_count=32 12 9 426 13 84 52 8
internal_value=0.0060672 0.00255982 0.00818804 0.0248063 -0.0379386 0.0369065 -0.0447503
internal_weight=230.443 194.336 170.733 36.107 23.6039 30.8178 5.28924
internal_count=636 551 458 85 93 64 21
is_linear=0
shrinkage=0.05


Tree=49
num_leaves=7
num_cat=0
split_feature=41 41 12 27 4 24
split_gain=5.773 8.25133 6.71881 4.57677 9.02927 2.46511
threshold=1.5545482635498049 1.3240858912467959 5761192.2500000009 -372671.99999999994 309.52999877929693 168.50000000000003
decision_type=2 2 2 2 2 2
left_child=1 2 -1 -2 -5 -3
right_child=3 5 -4 4 -6 -7
leaf_value=0.0026311489617967744 0.05852433015323695 -0.080466636408053405 0.069270617597023215 -0.0098705355540412033 0.043735802735350895 -0.010560435602532099
leaf_weight=181.1418987698853 7.5448446273803702 3.769486963748931 3.8725691586732855 16.905111402273182 14.494953215122221 2.1632091104984283
leaf_count=527 10 17 5 46 24 7
internal_value=0.00577378 0.00216659 0.00405302 0.0233315 0.0147161 -0.0558199
internal_weight=229.892 190.947 185.014 38.9449 31.4001 5.9327
internal_count=636 556 532 80 70 24
is_linear=0
shrinkage=0.05


Tree=50
num_leaves=7
num_cat=0
split_feature=31 56 33 58 5 36
split_gain=5.66356 11.0272 12.5627 9.14479 16.8059 11.7108
threshold=-2.806754350662231 69.774089813232436 -1.0595259070396421 8797.2612304687518 12637.570312500002 -1.3290994763374326
decision_type=2 2 2 2 2 2
left_child=1 2 -1 5 -5 -2
right_child=3 -3 -4 4 -6 -7
leaf_value=0.0066493551867673837 0.056513487397032935 -0.075150877679589556 -0.058404738376227262 -0.016180157278697524 0.029148906522912407 0.0096550226158979777
leaf_weight=71.575592778623104 21.232929706573486 5.2133587747812262 8.2794913649559003 53.229962758719921 33.186882734298706 36.738797135651112
leaf_count=204 32 25 34 174 75 92
internal_value=0.00549704 -0.00469526 -3.29345e-05 0.0115366 0.00116982 0.0269038
internal_weight=229.457 85.0684 79.8551 144.389 86.4168 57.9717
internal_count=636 263 238 373 249 124
is_linear=0
shrinkage=0.05


Tree=51
num_leaves=4
num_cat=0
split_feature=38 60 27
split_gain=5.67505 13.4876 7.85712
threshold=2.9104090929031377 -2544068.4999999995 116311.00000000001
decision_type=2 2 2
left_child=1 -1 -3
right_child=-2 2 -4
leaf_value=-0.072039038484272497 0.041946609968004742 0.0096246940240975378 -0.017248984127813127
leaf_weight=5.7417991161346427 10.087726742029188 181.18579560890794 31.895773582160473
leaf_count=29 19 479 109
internal_value=0.00523435 0.00351907 0.00557856
internal_weight=228.911 218.823 213.082
internal_count=636 617 588
is_linear=0
shrinkage=0.05


Tree=52
num_leaves=6
num_cat=0
split_feature=0 15 35 60 60
split_gain=5.58029 8.29914 8.22822 7.96945 8.22938
threshold=39620.000000000007 16.164999961853031 2.5787119865417485 -837486.31249999988 -977876.21874999988
decision_type=2 2 2 2 2
left_child=1 2 -1 4 -2
right_child=3 -3 -4 -5 -6
leaf_value=-0.051908066966719041 0.0088517682730358919 0.05957154206535227 0.04452692277453256 0.047315222292091952 -0.021400658881901992
leaf_weight=13.037026930600407 172.78742933273315 2.6567688882350913 2.6085051745176306 11.774222806096075 25.770553022623062
leaf_count=80 449 4 4 19 80
internal_value=0.00497631 -0.021435 -0.0355103 0.0072983 0.00490017
internal_weight=228.635 18.3023 15.6455 210.332 198.558
internal_count=636 88 84 548 529
is_linear=0
shrinkage=0.05


Tree=53
num_leaves=7
num_cat=0
split_feature=31 53 34 24 47 42
split_gain=5.42631 11.2406 11.4155 8.15374 17.8432 7.50583
threshold=-5.2328510284423819 0.13470112532377246 0.22318846732378009 7.5000000000000009 0.83514660596847545 -0.0004455000016605481
decision_type=2 2 2 2 2 2
left_child=1 2 -1 4 -2 -5
right_child=3 -3 -4 5 -6 -7
leaf_value=-0.014093129904182315 -0.081091785915456613 -0.077473943443537141 0.056243297458055286 0.026019498707979174 0.049219323768093168 0.0038271899993076379
leaf_weight=31.932579196989536 7.081417612731455 5.548711121082305 7.0365610718727103 57.498885653913021 4.1274022161960602 114.9655459523201
leaf_count=105 35 26 12 131 7 320
internal_value=0.00473655 -0.0108754 -0.00126435 0.00854774 -0.0326615 0.011255
internal_weight=228.191 44.5179 38.9691 183.673 11.2088 172.464
internal_count=636 143 117 493 42 451
is_linear=0
shrinkage=0.05


Tree=54
num_leaves=7
num_cat=0
split_feature=47 0 28 48 23 45
split_gain=5.308 8.0751 12.8897 6.9233 11.2428 9.26615
threshold=-1.2906760573387144 190848.00000000003 2726.9062500000005 1.1164074540138247 251.00000000000003 2.0407370328903203
decision_type=2 2 2 2 2 2
left_child=1 2 -1 4 -2 -5
right_child=3 -3 -4 5 -6 -7
leaf_value=-0.069991059442165521 0.0048175452169923437 0.033696236721475578 0.060028757247730408 0.046054179347956942 -0.073642820523964023 -0.010104520067451807
leaf_weight=9.6781670041382331 173.43058760464191 4.5106495618820182 2.3329907208681098 22.357785955071449 4.6845117583870879 10.745029076933859
leaf_count=53 476 10 3 39 24 31
internal_value=0.00450637 -0.0227183 -0.0443203 0.00665959 0.00272593 0.0276743
internal_weight=227.74 16.5218 12.0112 211.218 178.115 33.1028
internal_count=636 66 56 570 500 70
is_linear=0
shrinkage=0.05


Tree=55
num_leaves=6
num_cat=0
split_feature=60 28 50 28 12
split_gain=5.16745 9.41821 5.72264 7.34384 6.60732
threshold=-2544068.4999999995 2027.1875000000002 6.2438218593597421 1.0000000180025095e-35 3193358.2500000005
decision_type=2 2 2 2 2
left_child=1 -1 3 -2 -4
right_child=2 -3 4 -5 -6
leaf_value=-0.071071737380230246 -0.063598080166266668 0.04483137060995751 0.004213740430045851 0.0072575528201369813 0.029854596460292333
leaf_weight=5.6152118444442731 6.5849416777491552 2.4932265430688858 174.869339376688 7.9803627245128155 29.504714354872704
leaf_count=29 44 4 463 33 63
internal_value=0.00429216 -0.0348166 0.00576339 -0.0244328 0.00793988
internal_weight=227.048 8.10844 218.939 14.5653 204.374
internal_count=636 33 603 77 526
is_linear=0
shrinkage=0.05


Tree=56
num_leaves=7
num_cat=0
split_feature=41 41 12 46 27 55
split_gain=5.11556 7.46342 8.77143 8.02576 4.37032 7.93371
threshold=1.5545482635498049 1.1682537794113161 1735607.3125000002 0.35717864334583288 -372671.99999999994 -3.3032085895538326
decision_type=2 2 2 2 2 2
left_child=1 3 -3 -1 -2 -6
right_child=4 2 -4 -5 5 -7
leaf_value=0.0089187835035180046 0.056097221673538214 0.0082524058181430229 -0.079854242610812018 -0.016624964647499751 -0.040297272955513962 0.024779075386270152
leaf_weight=138.19137676805258 7.2119581699371329 5.1341818273067457 6.0363675355911255 39.470268413424492 5.7280342280864742 24.82039313018322
leaf_count=379 10 12 28 137 19 51
internal_value=0.00408407 0.000697164 -0.0389113 0.0032157 0.0208889 0.0124132
internal_weight=226.593 188.832 11.1705 177.662 37.7604 30.5484
internal_count=636 556 40 516 80 70
is_linear=0
shrinkage=0.05


Tree=57
num_leaves=7
num_cat=0
split_feature=48 31 36 38 4 55
split_gain=5.04554 13.95 12.7542 13.1613 11.2464 6.95491
threshold=-0.64744380116462696 4.4759531021118173 1.9781389236450198 1.5654603242874148 241505.57031250003 -3.3032085895538326
decision_type=2 2 2 2 2 2
left_child=2 5 3 -1 -3 -2
right_child=1 4 -4 -5 -6 -7
leaf_value=-0.0067630397469219065 -0.013581489799505093 -0.08349531830359086 0.049932528802818274 -0.07840759435695957 0.037125945598206339 0.017039112334756492
leaf_weight=52.052006125450134 21.524332709610462 6.8992565311491472 8.4294242858886701 7.3502430841326705 2.618388444185257 127.22526671737432
leaf_count=156 66 34 14 37 5 324
internal_value=0.0038885 0.0087929 -0.0074809 -0.0157123 -0.049786 0.0125746
internal_weight=226.099 158.267 67.8317 59.4022 9.51764 148.75
internal_count=636 429 207 193 39 390
is_linear=0
shrinkage=0.05


Tree=58
num_leaves=6
num_cat=0
split_feature=5 44 39 39 48
split_gain=5.01651 15.5451 7.44941 12.1165 6.85567
threshold=17376.580078125004 54372.449218750007 -0.92562845349311818 0.67687189579010021 1.1164074540138247
decision_type=2 2 2 2 2
left_child=1 4 -2 -4 -1
right_child=2 -3 3 -5 -6
leaf_value=-0.0015211943754624879 0.056769588250215011 -0.069378467539105357 -0.028983328299056661 0.029505802270470505 0.025191111739270695
leaf_weight=141.19111896306276 9.9018874019384366 7.7596539072692385 13.97844400256872 23.98505724221468 28.882563695311546
leaf_count=405 14 47 53 52 65
internal_value=0.00369579 -0.000143663 0.0180649 0.00783796 0.00298579
internal_weight=225.699 177.833 47.8654 37.9635 170.074
internal_count=636 517 119 105 470
is_linear=0
shrinkage=0.05


Tree=59
num_leaves=8
num_cat=0
split_feature=31 7 7 37 13 23 22
split_gain=5.01137 11.0312 13.2023 10.9099 10.1506 10.2391 3.03091
threshold=-2.806754350662231 2.3917976617813115 2.283017754554749 -3.0477848052978511 5922612.2500000009 189.50000000000003 -37253.910156249993
decision_type=2 2 2 2 2 2 2
left_child=4 2 -2 -3 5 -1 -6
right_child=1 3 -4 -5 6 -7 -8
leaf_value=-0.0065863458282244469 0.0035962588289193617 -0.044700582472139941 -0.078161883868046442 0.035530145750802669 0.079089334736841044 -0.072287227317587452 0.019456978566472011
leaf_weight=67.809408582746983 85.461464766412973 4.6171070784330359 5.2386610060930243 45.707566037774086 3.5664913058280945 6.5328305661678305 6.0826622545719129
leaf_count=208 250 17 24 82 4 35 16
internal_value=0.00351998 0.0092926 -0.0010708 0.0280699 -0.00611295 -0.0124271 0.0420163
internal_weight=225.016 141.025 90.7001 50.3247 83.9914 74.3422 9.64915
internal_count=636 373 274 99 263 243 20
is_linear=0
shrinkage=0.05


Tree=60
num_leaves=8
num_cat=0
split_feature=28 36 40 47 44 48 44
split_gain=4.84857 14.1496 13.6076 10.1943 17.6063 8.55844 6.15922
threshold=708.42187500000011 0.89533519744873058 -2.0285301208496089 1.0000000180025095e-35 1995.539978027344 -0.23681209981441495 2518.055053710938
decision_type=2 2 2 2 2 2 2
left_child=1 2 -1 6 -5 -3 -2
right_child=3 5 -4 4 -6 -7 -8
leaf_value=-0.068678396557339053 -0.023509698760818223 -0.062780227513280981 0.0080534243376205704 0.038413498756820035 -0.078316253883565112 -0.00038342536696353113 0.05214390981747144
leaf_weight=5.9838984310626975 3.040696948766711 13.232512541115286 160.58030241727829 7.0761578530073148 5.9076588302850723 9.6768265813589078 18.823096245527267
leaf_count=32 10 62 426 13 29 31 33
internal_value=0.00335227 0.000173144 0.00526678 0.0204943 -0.0143136 -0.0366423 0.0413937
internal_weight=224.321 189.474 166.564 34.8476 12.9838 22.9093 21.8638
internal_count=636 551 458 85 42 93 43
is_linear=0
shrinkage=0.05


Tree=61
num_leaves=6
num_cat=0
split_feature=60 38 0 57 60
split_gain=4.69297 8.37599 5.03769 7.95065 6.1229
threshold=-2544068.4999999995 3.0499018430709843 39620.000000000007 93.83145904541017 -837486.31249999988
decision_type=2 2 2 2 2
left_child=1 -1 3 -2 -4
right_child=2 -3 4 -5 -6
leaf_value=-0.069731643379288652 -0.048468378113302499 0.041732417864216463 0.0046724241222609727 0.020433955074764781 0.042572641075912757
leaf_weight=5.3970704823732367 10.561162561178209 2.3913087695837021 186.98772802203894 6.8142645061016074 11.354174077510832
leaf_count=29 64 4 496 24 19
internal_value=0.0031895 -0.0348662 0.00458666 -0.0211586 0.00686725
internal_weight=223.506 7.78838 215.717 17.3754 198.342
internal_count=636 33 603 88 515
is_linear=0
shrinkage=0.05


Tree=62
num_leaves=7
num_cat=0
split_feature=41 41 47 27 4 46
split_gain=4.68169 6.83496 6.89978 4.22281 7.60043 2.11484
threshold=1.5545482635498049 1.3240858912467959 1.1240222454071047 -372671.99999999994 309.52999877929693 0.80029878020286571
decision_type=2 2 2 2 2 2
left_child=1 2 -1 -2 -5 -3
right_child=3 5 -4 4 -6 -7
leaf_value=0.0039331113385917748 0.054608325328102295 -0.077539877689242809 -0.038139863690146325 -0.011754059521198134 0.03875933662126102 -0.0098834014627035022
leaf_weight=170.2039804905653 6.9515804201364508 3.622812792658805 10.326891846954821 16.351655855774883 13.528914362192152 1.9637395292520521
leaf_count=487 10 17 45 46 24 7
internal_value=0.0030367 -0.000159877 0.00149872 0.0193252 0.0109494 -0.0546528
internal_weight=222.95 186.117 180.531 36.8322 29.8806 5.58655
internal_count=636 556 532 80 70 24
is_linear=0
shrinkage=0.05


Tree=63
num_leaves=7
num_cat=0
split_feature=31 53 58 58 0 23
split_gain=4.58556 9.6913 10.5146 8.7866 19.7634 12.5416
threshold=-5.2328510284423819 0.13470112532377246 5085.5002441406259 9670.7817382812518 136912.00000000003 251.00000000000003
decision_type=2 2 2 2 2 2
left_child=1 2 -1 5 -5 -2
right_child=3 -3 -4 4 -6 -7
leaf_value=-0.061426738188140553 0.02305431267017069 -0.074907008316207377 0.0088897479263187421 0.0098187302448955217 -0.041754029555042677 -0.058798364777224769
leaf_weight=6.3718291223049155 79.3750184699893 5.3159651085734358 31.894246064126492 69.148625317960978 25.371897011995316 4.9422686994075766
leaf_count=26 176 26 91 200 94 23
internal_value=0.00289021 -0.0116119 -0.00268825 0.00645228 -0.00397191 0.0181972
internal_weight=222.42 43.582 38.2661 178.838 94.5205 84.3173
internal_count=636 143 117 493 294 199
is_linear=0
shrinkage=0.05


Tree=64
num_leaves=5
num_cat=0
split_feature=44 5 44 14
split_gain=4.50771 7.35231 13.5816 6.56008
threshold=1953806.0625000002 17376.580078125004 30238.285156250004 16.159999847412113
decision_type=2 2 2 2
left_child=1 2 -1 -3
right_child=-2 3 -4 -5
leaf_value=0.0038091986339510338 -0.047659683104054412 0 -0.043159350130073826 0.039356847284241152
leaf_weight=157.65853240340948 4.3338618651032439 18.405141830444336 17.05224584788084 24.393432199954987
leaf_count=434 16 63 82 41
internal_value=0.00274837 0.00377574 -0.00074644 0.0223528
internal_weight=221.843 217.509 174.711 42.7986
internal_count=636 620 516 104
is_linear=0
shrinkage=0.05


Tree=65
num_leaves=7
num_cat=0
split_feature=20 28 11 9 31 27
split_gain=4.46724 13.2817 13.5589 9.96199 6.15865 6.69797
threshold=3581.369995117188 -264.37499999999994 21.089999198913578 5968242.7500000009 -11.952705383300779 116311.00000000001
decision_type=2 2 2 2 2 2
left_child=1 2 -1 -3 -2 -6
right_child=4 3 -4 -5 5 -7
leaf_value=0.044563314152930314 -0.065959667924001722 -0.032699789833049046 -0.080882207294781752 0.048319666051579613 0.011015529176813532 -0.012979639862880588
leaf_weight=2.6888054758310345 2.9686236754059783 6.3928802013397208 10.013659082353113 9.1967608630657178 154.52537593245506 35.654091943055391
leaf_count=5 17 23 48 16 406 121
internal_value=0.00261392 -0.0158972 -0.0539348 0.0147751 0.00535129 0.00649072
internal_weight=221.44 28.2921 12.7025 15.5896 193.148 190.179
internal_count=636 92 53 39 544 527
is_linear=0
shrinkage=0.05


Tree=66
num_leaves=7
num_cat=0
split_feature=47 6 28 48 23 44
split_gain=4.59578 6.29201 10.7968 5.58551 9.37551 8.29407
threshold=-1.2906760573387144 -1263863551.9999998 2726.9062500000005 1.1164074540138247 251.00000000000003 6040.8452148437509
decision_type=2 2 2 2 2 2
left_child=1 -1 -3 4 -2 -5
right_child=3 2 -4 5 -6 -7
leaf_value=0.025184194090741061 0.0028621895024883172 -0.068478060373768579 0.05361163270223869 0.045381968655245498 -0.071111178876726883 -0.006450238077501236
leaf_weight=4.586432918906211 169.21167194843292 8.9811874479055387 2.2219753861427298 18.530404396355156 4.3927222788333884 12.967513620853422
leaf_count=11 476 52 3 32 24 38
internal_value=0.00248475 -0.0234575 -0.0438171 0.00450627 0.000961636 0.0238842
internal_weight=220.892 15.7896 11.2032 205.102 173.604 31.4979
internal_count=636 66 55 570 500 70
is_linear=0
shrinkage=0.05


Tree=67
num_leaves=8
num_cat=0
split_feature=28 36 40 21 40 7 55
split_gain=4.32569 12.2751 12.2995 9.37234 8.43139 4.8048 2.69039
threshold=708.42187500000011 0.89533519744873058 -2.0285301208496089 1.0000000180025095e-35 -1.7692686319351194 2.0423064231872563 3.7945779561996464
decision_type=2 2 2 2 2 2 2
left_child=1 2 -1 5 -3 -2 -5
right_child=3 4 -4 6 -6 -7 -8
leaf_value=-0.06768301569182765 0.0095019502928432309 0.035194755568684129 0.006754603311588993 -0.078354714008525922 -0.048666142430063078 0.050709715282933103 -0.0017335908063902121
leaf_weight=5.7431208342313758 14.903378129005434 3.4915572777390507 158.16124248877168 2.6889183670282355 18.886931076645851 14.11166539788246 2.2357591837644577
leaf_count=32 41 9 426 13 84 23 8
internal_value=0.0023657 -0.000599437 0.00411584 0.0187876 -0.0353585 0.029716 -0.0445847
internal_weight=220.223 186.283 163.904 33.9397 22.3785 29.015 4.92468
internal_count=636 551 458 85 93 64 21
is_linear=0
shrinkage=0.05


Tree=68
num_leaves=7
num_cat=0
split_feature=47 0 28 50 12 18
split_gain=4.2046 7.03946 10.1828 5.28393 7.21557 5.52261
threshold=-1.2906760573387144 190848.00000000003 2726.9062500000005 6.2438218593597421 3337010.7500000005 38762.650390625007
decision_type=2 2 2 2 2 2
left_child=1 2 -1 5 -5 -2
right_child=3 -3 -4 4 -6 -7
leaf_value=-0.068009450053135939 -0.048530709135244557 0.030339129992024202 0.051501872678802588 0.0025601406890818058 0.032262468319755822 0.028710159714604916
leaf_weight=8.9352915175259096 8.7811426147818548 4.3599692285060874 2.1781786382198325 168.87834611535072 23.354388646781445 3.0551603138446799
leaf_count=53 60 10 3 455 47 8
internal_value=0.00225084 -0.0228279 -0.044136 0.00417693 0.00619469 -0.028171
internal_weight=219.542 15.4734 11.1135 204.069 192.233 11.8363
internal_count=636 66 56 570 502 68
is_linear=0
shrinkage=0.05


Tree=69
num_leaves=6
num_cat=0
split_feature=60 28 60 10 40
split_gain=4.29879 7.65069 4.86751 18.8493 9.35028
threshold=-2544068.4999999995 2027.1875000000002 -977876.21874999988 2.8999999813095204e-05 -0.90840467810630787
decision_type=2 2 2 2 2
left_child=1 -1 4 -4 -2
right_child=2 -3 3 -5 -6
leaf_value=-0.068757246450730794 -0.015012882633171765 0.039192493611127616 -0.03609317075335524 0.024471847265119889 0.014278820911942495
leaf_weight=5.2306754961609832 34.733776330947876 2.3283150494098663 29.544537868350744 22.647228613495827 124.40076110512018
leaf_count=29 128 4 130 57 288
internal_value=0.0021441 -0.0348452 0.00349084 -0.00971679 0.007854
internal_weight=218.885 7.55899 211.326 52.1918 159.135
internal_count=636 33 603 187 416
is_linear=0
shrinkage=0.05


Tree=70
num_leaves=8
num_cat=0
split_feature=38 58 59 41 1 1 45
split_gain=4.18201 21.6901 12.057 9.47084 9.09456 13.3074 12.8587
threshold=-1.9855083227157591 9307.6279296875018 11048.864257812502 -0.22694682329893109 109125.61718750001 75174.843750000015 2.0407370328903203
decision_type=2 2 2 2 2 2 2
left_child=1 3 -3 -1 5 -2 -6
right_child=4 2 -4 -5 6 -7 -8
leaf_value=0.073507342665563538 -0.0031073407166908353 -0.069341918953580647 0.0043278063977511896 0.017594128804487349 0.0091451050400006544 -0.059835830023626871 -0.084711163424837116
leaf_weight=13.223698511719705 36.001741498708725 8.5922791957855242 15.386682428419588 18.460864037275314 108.11698343604803 14.621890649199484 3.7695331573486319
leaf_count=16 109 38 45 44 302 64 18
internal_value=0.00204087 0.0138803 -0.0218614 0.0410876 -0.00198365 -0.0195913 0.00593834
internal_weight=218.174 55.6635 23.979 31.6846 162.51 50.6236 111.887
internal_count=636 143 83 60 493 173 320
is_linear=0
shrinkage=0.05


Tree=71
num_leaves=7
num_cat=0
split_feature=41 41 49 46 9 59
split_gain=4.22025 6.32374 7.23102 6.98309 3.89361 4.33457
threshold=1.5545482635498049 1.1682537794113161 0.97389400005340587 0.35717864334583288 4745791.2500000009 3660.7702636718755
decision_type=2 2 2 2 2 2
left_child=1 3 -3 -1 -2 -6
right_child=4 2 -4 -5 5 -7
leaf_value=0.0065559248057455062 -0.021878815762549391 -0.06075933197005693 0.037763943917523503 -0.017829325097942234 0.054853206337197771 0.012465560837659042
leaf_weight=133.68195761740208 5.1844848096370688 8.2738272398710233 2.337121605873107 37.587622925639153 8.5838040634989756 21.909634694457054
leaf_count=379 16 35 5 137 13 51
internal_value=0.00194122 -0.00111725 -0.0385878 0.00117503 0.017673 0.0245615
internal_weight=217.558 181.881 10.6109 171.27 35.6779 30.4934
internal_count=636 556 40 516 80 64
is_linear=0
shrinkage=0.05


Tree=72
num_leaves=6
num_cat=0
split_feature=5 44 39 39 27
split_gain=4.08757 12.9773 6.71366 10.6482 5.75937
threshold=17376.580078125004 54372.449218750007 -0.92562845349311818 0.67687189579010021 -128351.99999999999
decision_type=2 2 2 2 2
left_child=1 4 -2 -4 -1
right_child=2 -3 3 -5 -6
leaf_value=0.013006691447078014 0.053004858540671745 -0.067787660430129862 -0.030071332097632353 0.025940698351494176 -0.0062254228160629598
leaf_weight=63.316614709794521 9.3416540473699552 7.1165256313979617 13.362734630703924 23.117522396147251 100.84821790456772
leaf_count=163 14 47 53 52 307
internal_value=0.00184846 -0.00167383 0.0151238 0.00528641 0.00116174
internal_weight=217.103 171.281 45.8219 36.4803 164.165
internal_count=636 517 119 105 470
is_linear=0
shrinkage=0.05


Tree=73
num_leaves=8
num_cat=0
split_feature=31 7 39 45 41 35 34
split_gain=4.13299 8.83103 9.61777 8.95116 8.1267 9.30181 5.3424
threshold=-5.2328510284423819 2.8642545938491826 -1.1544333696365354 -0.48717500269412989 -0.40771938860416407 -1.9432572126388548 0.92421901226043712
decision_type=2 2 2 2 2 2 2
left_child=4 2 -2 -3 6 -6 -1
right_child=1 3 -4 -5 5 -7 -8
leaf_value=-0.076836038517255248 0.044461873038111333 0.052699649333828015 -0.0037286984766503671 -0.0022278937054244674 0.018401784361776918 -0.036762242934147538 0.011740499952407803
leaf_weight=6.7190216407179815 11.230218186974524 17.673219963908199 132.62178659811616 12.490099310874937 21.78572382777929 11.763814829289915 2.155856654047966
leaf_count=33 20 27 411 35 57 46 7
internal_value=0.00175955 0.00519124 0 0.0297894 -0.0121986 -0.000791904 -0.0547559
internal_weight=216.44 174.015 143.852 30.1633 42.4244 33.5495 8.87488
internal_count=636 493 431 62 143 103 40
is_linear=0
shrinkage=0.05


Tree=74
num_leaves=8
num_cat=0
split_feature=20 10 7 10 60 10 59
split_gain=4.22751 22.0326 9.2825 7.50585 12.4242 11.8549 5.25686
threshold=3581.369995117188 -4.5500000851461657e-05 2.9919466972351079 -0.0004455000016605481 -939419.21874999988 -0.00029850000282749528 10577.363281250002
decision_type=2 2 2 2 2 2 2
left_child=1 2 -1 4 -2 -5 -3
right_child=3 6 -4 5 -6 -7 -8
leaf_value=-0.079834863862498245 0.025852517130742065 0.05622181620905016 0.013121566247633325 -0.039661083927662773 -0.040530586487848151 0.0036138903163237461 -0.009873841801781906
leaf_weight=11.400645278394224 58.743298836052418 8.0076911076903325 3.3986286818981162 18.676036924123764 7.9571024179458609 103.01063037291169 4.6344466134905806
leaf_count=55 136 12 8 72 36 300 17
internal_value=0.00167534 -0.0166218 -0.0581497 0.00436714 0.0178583 -0.00298671 0.0315965
internal_weight=215.828 27.4414 14.7993 188.387 66.7004 121.687 12.6421
internal_count=636 92 63 544 172 372 29
is_linear=0
shrinkage=0.05


Tree=75
num_leaves=8
num_cat=0
split_feature=48 31 13 33 56 58 55
split_gain=4.06902 11.8009 10.3425 13.1228 12.9283 7.39667 6.71208
threshold=-0.64744380116462696 4.4759531021118173 4208660.2500000009 -1.335614740848541 15.792305946350099 438537.57812500006 -3.3032085895538326
decision_type=2 2 2 2 2 2 2
left_child=2 6 4 -4 -1 -3 -2
right_child=1 5 3 -5 -6 -7 -8
leaf_value=0.042566694943529132 -0.016799115366024655 -0.078839996067070664 -0.073982759977127513 0.025534538913953915 -0.04070788234157062 0.021458468666785479 0.014110359113864504
leaf_weight=5.4863577187061301 20.395410981029272 6.3256243430078012 3.781666815280917 25.890698008239269 29.300750438123941 2.4930749386548996 121.43961986899376
leaf_count=11 66 34 19 59 118 5 324
internal_value=0.00159363 0.00611148 -0.00888786 0.0126828 -0.0274307 -0.0499183 0.00963043
internal_weight=215.113 150.654 64.4595 29.6724 34.7871 8.8187 141.835
internal_count=636 429 207 78 129 39 390
is_linear=0
shrinkage=0.05


Tree=76
num_leaves=5
num_cat=0
split_feature=44 5 44 14
split_gain=3.91364 6.30155 11.3737 5.41776
threshold=1953806.0625000002 17376.580078125004 54372.449218750007 16.159999847412113
decision_type=2 2 2 2
left_child=1 2 -1 -3
right_child=-2 3 -4 -5
leaf_value=0.00083313440528463031 -0.046060342243620621 -0.00058534504994273563 -0.066223081012714638 0.035825014973343554
leaf_weight=162.61302284151316 4.226875774562358 17.637321881949902 6.5752188451588145 23.442293733358383
leaf_count=470 16 63 46 41
internal_value=0.0015145 0.00249465 -0.00174334 0.0200707
internal_weight=214.495 210.268 169.188 41.0796
internal_count=636 620 516 104
is_linear=0
shrinkage=0.05


Tree=77
num_leaves=8
num_cat=0
split_feature=28 28 43 26 21 56 27
split_gain=3.96212 10.9538 15.844 11.6497 8.63164 9.0917 4.71942
threshold=708.42187500000011 89.281250000000014 43894.832031250007 0.19250018149614337 -401.06001281738276 83.536388397216811 116311.00000000001
decision_type=2 2 2 2 2 2 2
left_child=1 3 -3 -1 6 -6 -2
right_child=4 2 -4 -5 5 -7 -8
leaf_value=0.0091309232168388012 0.048523708403400347 -0.057165097979388263 0.019689924487854935 -0.032890020951507989 -0.077329847507357052 0.044774409295497648 0.0051174644877617428
leaf_weight=133.33136129751801 15.161806307733061 18.677889131009582 10.340416003018616 18.793471187353134 4.2538990005850783 2.3212903439998627 11.142728835344313
leaf_count=375 26 80 30 66 22 4 33
internal_value=0.00143868 -0.00143423 -0.0296062 0.0039068 0.0174184 -0.033462 0.0303267
internal_weight=214.023 181.143 29.0183 152.125 32.8797 6.57519 26.3045
internal_count=636 551 110 441 85 26 59
is_linear=0
shrinkage=0.05


Tree=78
num_leaves=6
num_cat=0
split_feature=60 38 38 58 10
split_gain=3.86206 7.03072 4.09041 21.1576 9.64253
threshold=-2544068.4999999995 3.0499018430709843 -1.9855083227157591 9307.6279296875018 -0.00014250000094762069
decision_type=2 2 2 2 2
left_child=1 -1 3 -2 -4
right_child=2 -3 4 -5 -6
leaf_value=-0.06778950935919846 0.042559833584132206 0.037709655663544318 -0.01393520187166114 -0.020976716832551576 0.011154894738585433
leaf_weight=5.0035558417439452 29.817933484911919 2.2413491606712341 77.190447118133307 23.258056707680225 75.900907505303621
leaf_count=29 53 4 258 82 210
internal_value=0.0013706 -0.0344612 0.00265401 0.0146237 -0.00146316
internal_weight=213.412 7.24491 206.167 53.076 153.091
internal_count=636 33 603 135 468
is_linear=0
shrinkage=0.05


Tree=79
num_leaves=5
num_cat=0
split_feature=58 58 53 58
split_gain=3.7877 13.6044 12.8208 6.05262
threshold=2831.4291992187505 3323.239868164063 0.95567533373832714 3800.222534179688
decision_type=2 2 2 2
left_child=2 -2 -1 -3
right_child=1 3 -4 -5
leaf_value=-0.080372073142615991 0.070411423535410897 -0.080127794457965709 0.030751955734277865 0.0013113075902294025
leaf_weight=5.5274444818496686 7.1841842383146277 2.3082643151283255 4.8123842179775238 192.94826026633382
leaf_count=26 10 10 11 579
internal_value=0.00130484 0.00283494 -0.0281689 0.000322952
internal_weight=212.781 202.441 10.3398 195.257
internal_count=636 599 37 589
is_linear=0
shrinkage=0.05


Tree=80
num_leaves=5
num_cat=0
split_feature=12 31 20 45
split_gain=3.7703 7.06274 10.5723 7.69199
threshold=5761192.2500000009 4.4759531021118173 28069.647460937504 -0.68194594979286183
decision_type=2 2 2 2
left_child=1 3 -3 -1
right_child=-2 2 -4 -5
leaf_value=-0.015753383396530662 0.049981044821876791 0.015720514103492345 -0.075621433582906947 0.008014006549400916
leaf_weight=43.780588738620281 3.8962534517049781 5.5033802762627584 7.2298373281955719 152.08253716677427
leaf_count=146 6 13 42 429
internal_value=0.00124062 0.000306253 -0.0357502 0.00267584
internal_weight=212.493 208.596 12.7332 195.863
internal_count=636 630 55 575
is_linear=0
shrinkage=0.05


Tree=81
num_leaves=7
num_cat=0
split_feature=41 8 43 60 27 4
split_gain=3.65367 6.18907 12.1714 10.3859 3.92009 6.80875
threshold=1.5545482635498049 1.4352999925613406 26778.759765625004 -986392.46874999988 -372671.99999999994 309.52999877929693
decision_type=2 2 2 2 2 2
left_child=1 3 -3 -1 -2 -6
right_child=4 2 -4 -5 5 -7
leaf_value=0.019380305537979078 0.051589968169673518 -0.025456014137436013 0.019749850591005827 -0.012725451726479892 -0.013940678278650151 0.0353866133917752
leaf_weight=61.176116280257702 6.3826032578945151 53.196151979267597 20.556953981518745 42.648697096854448 15.640258103609087 12.55083008110523
leaf_count=149 10 186 53 168 46 24
internal_value=0.00117886 -0.00169096 -0.0127881 0.00614389 0.0160635 0.00784275
internal_weight=212.152 177.578 73.7531 103.825 34.5737 28.1911
internal_count=636 556 239 317 80 70
is_linear=0
shrinkage=0.05


Tree=82
num_leaves=8
num_cat=0
split_feature=31 33 56 58 60 38 35
split_gain=3.77725 8.75431 9.55849 5.999 12.6302 10.679 4.11791
threshold=-2.806754350662231 -1.0595259070396421 69.774089813232436 8797.2612304687518 -2150493.7499999995 -1.8641747832298277 -2.0082305669784541
decision_type=2 2 2 2 2 2 2
left_child=1 2 -1 5 -5 -2 -3
right_child=3 6 -4 4 -6 -7 -8
leaf_value=0.0028229663723838162 0.055091655878616155 0.002316292209926127 -0.072237968135363997 -0.053728896687990337 0.0053679005202686755 0.0051281891311777805 -0.078194912757601986
leaf_weight=67.003378316760063 15.003627359867094 2.0051632970571518 4.5241199731826773 10.407664738595484 68.461126022040844 38.190843462944031 5.9442439898848525
leaf_count=204 23 6 24 42 207 101 29
internal_value=0.00112458 -0.00745915 -0.00185474 0.00632822 -0.00236722 0.0193145 -0.0572577
internal_weight=211.54 79.4769 71.5275 132.063 78.8688 53.1945 7.94941
internal_count=636 263 228 373 249 124 35
is_linear=0
shrinkage=0.05


Tree=83
num_leaves=8
num_cat=0
split_feature=28 28 23 21 53 21 27
split_gain=3.71214 9.48338 8.47823 7.66639 8.25154 7.30943 4.45079
threshold=708.42187500000011 254.64062500000003 120.50000000000001 -401.06001281738276 2.8126012086868291 -9584.4599609374982 116311.00000000001
decision_type=2 2 2 2 2 2 2
left_child=1 5 -3 6 -5 -1 -2
right_child=3 2 -4 4 -6 -7 -8
leaf_value=-0.049895739260677419 0.046790410422232302 -0.068893453254893142 0.01421468527791816 -0.075522602516741047 0.04200729537880267 0.0037559784319838811 0.0042859258509591169
leaf_weight=6.6074565276503554 14.859135322272779 9.296489302068947 4.447218991816043 4.0521409139037123 2.3065738528966904 158.32646523788571 10.992870680987833
leaf_count=36 26 46 14 21 5 455 33
internal_value=0.00107156 -0.00171966 -0.0416373 0.0167101 -0.0321032 0.00157631 0.0289099
internal_weight=210.888 178.678 13.7437 32.2107 6.35871 164.934 25.852
internal_count=636 551 60 85 26 491 59
is_linear=0
shrinkage=0.05


Tree=84
num_leaves=5
num_cat=0
split_feature=44 5 44 47
split_gain=3.6081 5.62287 10.2128 5.667
threshold=1953806.0625000002 17376.580078125004 54372.449218750007 -0.30949835479259485
decision_type=2 2 2 2
left_child=1 2 -1 -3
right_child=-2 3 -4 -5
leaf_value=0.0003479162843375176 -0.045076953075740646 -0.018313022285983672 -0.064874630725110655 0.028175080033566176
leaf_weight=159.5640778131783 4.15204744786024 8.0916316583752614 6.2311835512518874 32.249580599367619
leaf_count=470 16 29 46 75
internal_value=0.00102031 0.00197307 -0.00207322 0.0187266
internal_weight=210.289 206.136 165.795 40.3412
internal_count=636 620 516 104
is_linear=0
shrinkage=0.05


Tree=85
num_leaves=7
num_cat=0
split_feature=31 53 34 7 39 45
split_gain=3.55188 7.45205 8.65281 7.06328 8.70602 8.22036
threshold=-5.2328510284423819 0.13470112532377246 0.22318846732378009 2.8642545938491826 -1.1544333696365354 -0.48717500269412989
decision_type=2 2 2 2 2 2
left_child=1 2 -1 4 -2 -5
right_child=3 -3 -4 5 -6 -7
leaf_value=-0.015911328627423792 0.042836719178280816 -0.070599613370969552 0.047108338238882226 0.04912318036794093 -0.0040461493635954087 -0.0046613730466474558
leaf_weight=29.779429007321596 10.723098106682299 4.826738826930522 6.6497661322355262 16.953154325485233 129.01409830339253 11.956723541021345
leaf_count=105 20 26 12 27 411 35
internal_value=0.000967368 -0.0121519 -0.0042705 0.00420636 -0.000412689 0.0267057
internal_weight=209.903 41.2559 36.4292 168.647 139.737 28.9099
internal_count=636 143 117 493 431 62
is_linear=0
shrinkage=0.05


Tree=86
num_leaves=4
num_cat=0
split_feature=40 20 40
split_gain=3.60196 5.97976 4.6619
threshold=4.0904283523559579 157.34000396728518 2.8497531414031987
decision_type=2 2 2
left_child=1 -1 -3
right_child=-2 2 -4
leaf_value=-0.074676722936374729 -0.047425283871612739 0.00075926903253717242 0.031239500777952248
leaf_weight=2.5178622081875792 3.7756003588438025 189.56104872375727 13.468411922454832
leaf_count=14 14 580 28
internal_value=0.00092006 0.00183242 0.00280587
internal_weight=209.323 205.547 203.029
internal_count=636 622 608
is_linear=0
shrinkage=0.05


Tree=87
num_leaves=7
num_cat=0
split_feature=48 48 23 39 60 9
split_gain=3.51159 9.15136 8.89927 6.72821 5.56726 1.92385
threshold=1.1164074540138247 1.5137610435485842 251.00000000000003 1.1034330725669863 -977876.21874999988 7443199.5000000009
decision_type=2 2 2 2 2 2
left_child=2 5 4 -3 -1 -2
right_child=1 3 -4 -5 -6 -7
leaf_value=0.0049439318372254699 0.060050697940956056 0.0064144386965961815 -0.06836413060806143 -0.071959067508855057 -0.016426502635727532 0.021843536760288041
leaf_weight=131.69385474920273 8.8659367077052575 14.625546567142012 4.896590366959571 3.3494552150368682 39.65176685154438 6.0638084635138503
leaf_count=363 14 40 29 18 156 16
internal_value=0.000873291 0.0158838 -0.00190082 -0.00791149 0 0.0448675
internal_weight=209.147 32.9047 176.242 17.975 171.346 14.9297
internal_count=636 88 548 58 519 30
is_linear=0
shrinkage=0.05


Tree=88
num_leaves=7
num_cat=0
split_feature=55 27 58 18 34 38
split_gain=3.69214 12.9051 13.9548 6.92678 9.43294 7.67791
threshold=-3.3032085895538326 -150463.99999999997 14018.790527343752 84.010002136230483 0.73749685287475597 -1.603140592575073
decision_type=2 2 2 2 2 2
left_child=1 2 -1 4 -2 -5
right_child=3 -3 -4 5 -6 -7
leaf_value=0.023827016107395696 -0.075769862473970218 -0.088146271755259853 -0.056445464102687387 0.02376460750723015 0.048066959570351203 -0.00047503982126839586
leaf_weight=17.702722802758224 5.7244409620761862 5.059316173195838 7.7975545041263095 43.883469551801682 2.0507552027702332 126.34336148574948
leaf_count=37 28 24 38 106 4 399
internal_value=0.000831387 -0.015193 -0.000522878 0.00361057 -0.0424641 0.00574443
internal_weight=208.562 30.5596 25.5003 178.002 7.7752 170.227
internal_count=636 99 75 537 32 505
is_linear=0
shrinkage=0.05


Tree=89
num_leaves=8
num_cat=0
split_feature=28 28 43 26 47 44 44
split_gain=3.49552 8.88322 13.2162 9.77755 7.03853 13.3171 4.68689
threshold=708.42187500000011 89.281250000000014 43894.832031250007 0.19250018149614337 1.0000000180025095e-35 1995.539978027344 2518.055053710938
decision_type=2 2 2 2 2 2 2
left_child=1 3 -3 -1 6 -6 -2
right_child=4 2 -4 -5 5 -7 -8
leaf_value=0.007769834686900433 -0.023586309371581304 -0.0534500683246261 0.017945840911569099 -0.031183274343054901 0.03309147465384546 -0.074580764019383336 0.044159755009421937
leaf_weight=129.96555372327566 2.8972810059785905 18.001268267631534 9.9962348900735361 18.363857835531235 6.3906017392873746 5.1731637865304947 17.143689848482609
leaf_count=375 10 80 30 66 13 29 33
internal_value=0.000787607 -0.00193171 -0.0277803 0.00291355 0.0161172 -0.0146444 0.0341164
internal_weight=207.932 176.327 27.9975 148.329 31.6047 11.5638 20.041
internal_count=636 551 110 441 85 42 43
is_linear=0
shrinkage=0.05


Tree=90
num_leaves=6
num_cat=0
split_feature=30 44 5 39 34
split_gain=3.52763 6.91177 6.48028 3.07747 3.71419
threshold=27.512588500976566 946568.25000000012 325267.53125000006 -0.73036822676658619 -0.63386574387550343
decision_type=2 2 2 2 2
left_child=1 2 -1 -2 -5
right_child=3 -3 -4 4 -6
leaf_value=-0.0010881120770459944 0.062824486110053687 -0.068382747936488769 0.063129818346825364 -0.021804884658998349 0.035824830406013169
leaf_weight=184.372215019539 3.8581047058105478 3.7384217232465735 4.0133035331964484 4.8980159163475028 6.3451455533504459
leaf_count=577 5 23 6 14 11
internal_value=0.000747952 -0.0010561 0.000253424 0.0240309 0.0102741
internal_weight=207.225 192.124 188.386 15.1013 11.2432
internal_count=636 606 583 30 25
is_linear=0
shrinkage=0.05


Tree=91
num_leaves=7
num_cat=0
split_feature=31 49 48 2 10 37
split_gain=3.42792 6.73827 6.91504 5.37017 10.7032 9.10406
threshold=-5.2328510284423819 0.87258711457252514 -0.61473521590232838 317992.42187500006 -0.00077199999941512931 -2.9823849201202388
decision_type=2 2 2 2 2 2
left_child=1 2 -1 5 -5 -2
right_child=3 -3 -4 4 -6 -7
leaf_value=-0.042878423950867994 -0.072109569136033599 -0.078785622110845138 0.0065775387240675975 -0.069746297720731251 -0.00070144221996964204 0.012246415736679492
leaf_weight=9.4517441019415838 3.2769807651638976 3.4937149658799163 27.64644755423069 6.4715581610798827 43.490003637969494 113.01518375426531
leaf_count=41 19 17 85 31 131 312
internal_value=0.000711504 -0.0122853 -0.0058879 0.00391484 -0.00974495 0.00982636
internal_weight=206.846 40.5919 37.0982 166.254 49.9616 116.292
internal_count=636 143 126 493 162 331
is_linear=0
shrinkage=0.05


Tree=92
num_leaves=5
num_cat=0
split_feature=12 31 20 45
split_gain=3.35413 5.91525 9.45879 6.90516
threshold=5761192.2500000009 4.4759531021118173 28069.647460937504 -0.68194594979286183
decision_type=2 2 2 2
left_child=1 3 -3 -1
right_child=-2 2 -4 -5
leaf_value=-0.015738601697552253 0.047165137254289849 0.015014570713731072 -0.073039168043612018 0.0070969198436196188
leaf_weight=42.60325300693512 3.8081362694501868 5.3607113882899267 6.8424489162862301 147.72744219377637
leaf_count=146 6 13 42 429
internal_value=0.000669895 -0.000179643 -0.0339484 0.00195919
internal_weight=206.342 202.534 12.2032 190.331
internal_count=636 630 55 575
is_linear=0
shrinkage=0.05


Tree=93
num_leaves=7
num_cat=0
split_feature=41 41 46 9 7 23
split_gain=3.22735 5.4886 5.02393 3.48414 3.55994 1.20154
threshold=1.5545482635498049 1.3240858912467959 0.35717864334583288 4745791.2500000009 3.147323846817017 104.00000000000001
decision_type=2 2 2 2 2 2
left_child=1 2 -1 -2 -5 -3
right_child=3 5 -4 4 -6 -7
leaf_value=0.0040803588157680305 -0.023532127976492401 -0.072625883707817127 -0.016690593603606762 0.0096960231808996145 0.048671928792112629 -0.016357998600877905
leaf_weight=130.39135029166937 4.8957172930240622 3.2173669636249533 37.459138486534357 19.686778694391254 8.632682725787161 1.713366851210594
leaf_count=390 16 16 142 50 14 8
internal_value=0.000635851 -0.00208277 -0.000525299 0.0149283 0.0217537 -0.0540876
internal_weight=205.996 172.781 167.85 33.2152 28.3195 4.93073
internal_count=636 556 532 80 64 24
is_linear=0
shrinkage=0.05


Tree=94
num_leaves=5
num_cat=0
split_feature=40 40 11 43
split_gain=3.21555 4.27872 6.47839 4.2987
threshold=4.0904283523559579 2.8497531414031987 80.154998779296889 759.39999389648449
decision_type=2 2 2 2
left_child=1 2 -1 -3
right_child=-2 3 -4 -5
leaf_value=0.00079899520157009378 -0.045525921425552923 0.05351711042262184 -0.069584420386556392 -0.0038250814379339896
leaf_weight=185.50051002018154 3.703079253435134 7.6009442210197431 3.3271476365625849 5.4647607505321503
leaf_count=573 14 12 21 16
internal_value=0.000603063 0.00147392 -0.000414683 0.0291509
internal_weight=205.596 201.893 188.828 13.0657
internal_count=636 622 594 28
is_linear=0
shrinkage=0.05


Tree=95
num_leaves=8
num_cat=0
split_feature=28 28 4 26 47 57 48
split_gain=3.29371 8.11193 10.4696 8.50761 6.30897 8.6481 3.77375
threshold=708.42187500000011 89.281250000000014 12309.520019531252 0.19250018149614337 1.0000000180025095e-35 80.090164184570327 -0.75626468658447255
decision_type=2 2 2 2 2 2 2
left_child=1 3 -3 -1 6 -6 -2
right_child=4 2 -4 -5 5 -7 -8
leaf_value=0.0071026442188016226 0.064257976910765791 -0.047721356262166358 0.018768139601411011 -0.029462451808042814 0.034439083513410212 -0.053398860134809427 0.016884139295615323
leaf_weight=128.86491813138127 6.5016355067491558 18.992746293544773 8.4731836356222612 18.12321675568819 5.0154808573424798 6.256897009909153 13.139093019068243
leaf_count=375 8 84 26 66 11 31 35
internal_value=0.000570856 -0.00206935 -0.0270274 0.00256026 0.0156323 -0.0138731 0.0328208
internal_weight=205.367 174.454 27.4659 146.988 30.9131 11.2724 19.6407
internal_count=636 551 110 441 85 42 43
is_linear=0
shrinkage=0.05


Tree=96
num_leaves=8
num_cat=0
split_feature=31 49 48 13 7 45 5
split_gain=3.34458 6.73983 13.1682 13.0013 6.34833 7.90641 7.86852
threshold=-5.2328510284423819 -0.57562935352325428 -0.61473521590232838 5922612.2500000009 2.8642545938491826 -0.48717500269412989 809.77999877929699
decision_type=2 2 2 2 2 2 2
left_child=1 2 -1 -3 6 -6 -2
right_child=4 3 -4 -5 5 -7 -8
leaf_value=-0.03605401219744566 -0.011599227098504521 -0.048804500213290435 0.050084775075142189 0.050144411398918259 0.047712375255585811 -0.0059258341471398537 0.012503334089666996
leaf_weight=8.1626169756054896 75.00799423083663 18.26635513454676 9.6526753976941091 4.0100673213601103 16.449708834290508 11.538351081311701 61.687743183225393
leaf_count=36 255 82 18 7 27 35 176
internal_value=0.000544534 -0.0123776 0.010337 -0.0307679 0.00372075 0.0254209 -0.0006857
internal_weight=204.776 40.0917 17.8153 22.2764 164.684 27.9881 136.696
internal_count=636 143 54 89 493 62 431
is_linear=0
shrinkage=0.05


Tree=97
num_leaves=7
num_cat=0
split_feature=35 22 60 41 60 57
split_gain=3.21917 9.38338 7.61152 7.01015 6.06656 3.15882
threshold=2.4136583805084233 23292.589843750004 -2544068.4999999995 -1.1451124548912046 -2499361.6249999995 94.804195404052749
decision_type=2 2 2 2 2 2
left_child=2 4 -1 -4 -2 -3
right_child=1 5 3 -5 -6 -7
leaf_value=-0.065626014238966204 0.025380090327552174 0.021399449241011542 -0.022681090206385285 0.0044595449845925179 -0.082083232102670226 0.079675883639600209
leaf_weight=4.4807089120149604 2.3997343033552161 4.8824200481176359 28.051866218447685 156.47770645841956 2.7701214104890823 5.0239039845764637
leaf_count=28 6 13 100 468 14 7
internal_value=0.000518464 0.0227704 -0.00122998 0.000306577 -0.031234 0.0514586
internal_weight=204.086 15.0762 189.01 184.53 5.16986 9.90632
internal_count=636 40 596 568 20 20
is_linear=0
shrinkage=0.05


Tree=98
num_leaves=7
num_cat=0
split_feature=48 48 24 39 60 39
split_gain=3.17661 8.14206 7.92889 5.85524 5.09163 1.85415
threshold=1.1164074540138247 1.5137610435485842 410.50000000000006 1.1034330725669863 -2212046.2499999995 -0.54184773564338673
decision_type=2 2 2 2 2 2
left_child=2 5 4 -3 -1 -2
right_child=1 3 -4 -5 -6 -7
leaf_value=-0.022315915448605308 0.012546505878715981 0.0057120089697056987 -0.076122963838650484 -0.069241324574430815 0.0028757794317072869 0.054472590483429117
leaf_weight=23.259148843586445 4.0022028870880595 14.175100803375246 3.5497360005974761 3.1714245304465285 145.2392007894814 10.28540823608637
leaf_count=92 12 40 20 18 436 18
internal_value=0.000492294 0.0150743 -0.0021598 -0.00770329 -0.000571954 0.0430783
internal_weight=203.682 31.6341 172.048 17.3465 168.498 14.2876
internal_count=636 88 548 58 528 30
is_linear=0
shrinkage=0.05


Tree=99
num_leaves=8
num_cat=0
split_feature=55 56 50 58 38 49 10
split_gain=3.22543 12.2175 11.4524 8.07387 6.25906 11.7508 7.35692
threshold=-3.3032085895538326 15.792305946350099 13.053277969360353 13255.320312500002 -1.9855083227157591 -0.38530480861663813 -0.00014250000094762069
decision_type=2 2 2 2 2 2 2
left_child=1 3 -3 -1 5 -2 -6
right_child=4 2 -4 -5 6 -7 -8
leaf_value=0.043145751368080354 -0.021307186095468146 -0.0042104253717593319 -0.09195909345966953 -0.03700747501241089 -0.013031002726244932 0.043176581245462059 0.0098144005142808757
leaf_weight=9.9843706041574496 10.201659768819807 7.9512133449316007 7.1990272253751755 4.52506249397993 69.605425156652927 22.404082894325256 71.263311848044395
leaf_count=18 38 28 32 21 248 44 207
internal_value=0.000468505 -0.0147396 -0.0462365 0.0178037 0.00309752 0.0228476 -0.00143837
internal_weight=203.134 29.6597 15.1502 14.5094 173.474 32.6057 140.869
internal_count=636 99 60 39 537 82 455
is_linear=0
shrinkage=0.05


end of trees

feature_importances:
btc_CVD=31
z_ls=30
macro_score=29
z_oi=27
z_delta_qty=26
liq_short_5=25
Long/Short_Ratio_(Account)=23
vol_regime=23
z_bid_qty=23
Agg._Liq_Short=22
btc_cvd_mom=21
z_bid_trades=21
z_btc_20=18
Candle=14
Agg._Funding_Rate=13
cvd_delta=13
z_btc_10=13
liq_long_5_mean=13
Ask_USD=12
liq_long_5=11
ema_8=11
Agg._OI=10
z_cvd_10=10
Agg._Liq_Long=9
pull_ema50=9
Bid_Trades=8
Ask_Trades=8
z_btc_4=8
Net_Shorts=7
Price_Low=7
pull_ema8=7
Buy_Qty=6
CVD=6
Ask_Qty=6
Delta_Qty=6
z_cvd_4=6
z_ask_qty=6
rsi=6
Bid_USD=5
ema_slow=5
RSI=4
Net_Longs=4
z_cvd_20=4
z_ask_trades=4
stoch_k=4
liq_short_5_mean=4
atr=3
Whale_Ind=2
Bid_Qty=2
Delta_USD=2
ema_21=2
Sell_Qty=1
Candle_Delta=1
Price_High=1
funding=1
pull_ema21=1

parameters:
[boosting: gbdt]
[objective: binary]
[metric: binary_logloss]
[tree_learner: serial]
[device_type: cpu]
[data_sample_strategy: bagging]
[data: ]
[valid: ]
[num_iterations: 100]
[learning_rate: 0.05]
[num_leaves: 31]
[num_threads: 1]
[seed: 42]
[deterministic: 0]
[force_col_wise: 0]
[force_row_wise: 0]
[histogram_pool_size: -1]
[max_depth: 3]
[min_data_in_leaf: 10]
[min_sum_hessian_in_leaf: 0.001]
[bagging_fraction: 0.8]
[pos_bagging_fraction: 1]
[neg_bagging_fraction: 1]
[bagging_freq: 0]
[bagging_seed: 400]
[bagging_by_query: 0]
[feature_fraction: 0.8]
[feature_fraction_bynode: 1]
[feature_fraction_seed: 30056]
[extra_trees: 0]
[extra_seed: 12879]
[early_stopping_round: 0]
[early_stopping_min_delta: 0]
[first_metric_only: 0]
[max_delta_step: 0]
[lambda_l1: 0.1]
[lambda_l2: 0]
[linear_lambda: 0]
[min_gain_to_split: 0]
[drop_rate: 0.1]
[max_drop: 50]
[skip_drop: 0.5]
[xgboost_dart_mode: 0]
[uniform_drop: 0]
[drop_seed: 17869]
[top_rate: 0.2]
[other_rate: 0.1]
[min_data_per_group: 100]
[max_cat_threshold: 32]
[cat_l2: 10]
[cat_smooth: 10]
[max_cat_to_onehot: 4]
[top_k: 20]
[monotone_constraints: ]
[monotone_constraints_method: basic]
[monotone_penalty: 0]
[feature_contri: ]
[forcedsplits_filename: ]
[refit_decay_rate: 0.9]
[cegb_tradeoff: 1]
[cegb_penalty_split: 0]
[cegb_penalty_feature_lazy: ]
[cegb_penalty_feature_coupled: ]
[path_smooth: 0]
[interaction_constraints: ]
[verbosity: -1]
[saved_feature_importance_type: 0]
[use_quantized_grad: 0]
[num_grad_quant_bins: 4]
[quant_train_renew_leaf: 0]
[stochastic_rounding: 1]
[linear_tree: 0]
[max_bin: 63]
[max_bin_by_feature: ]
[min_data_in_bin: 3]
[bin_construct_sample_cnt: 200000]
[data_random_seed: 175]
[is_enable_sparse: 1]
[enable_bundle: 1]
[use_missing: 1]
[zero_as_missing: 0]
[feature_pre_filter: 1]
[pre_partition: 0]
[two_round: 0]
[header: 0]
[label_column: ]
[weight_column: ]
[group_column: ]
[ignore_column: ]
[categorical_feature: ]
[forcedbins_filename: ]
[precise_float_parser: 0]
[parser_config_file: ]
[objective_seed: 16083]
[num_class: 1]
[is_unbalance: 0]
[scale_pos_weight: 4.57895]
[sigmoid: 1]
[boost_from_average: 1]
[reg_sqrt: 0]
[alpha: 0.9]
[fair_c: 1]
[poisson_max_delta_step: 0.7]
[tweedie_variance_power: 1.5]
[lambdarank_truncation_level: 30]
[lambdarank_norm: 1]
[label_gain: ]
[lambdarank_position_bias_regularization: 0]
[eval_at: ]
[multi_error_top_k: 1]
[auc_mu_weights: ]
[num_machines: 1]
[local_listen_port: 12400]
[time_out: 120]
[machine_list_filename: ]
[machines: ]
[gpu_platform_id: -1]
[gpu_device_id: -1]
[gpu_use_dp: 0]
[num_gpu: 1]

end of parameters

pandas_categorical:[]
